# wavelength in nm, signal in a.u.
8.0000e+02,4.2970e-06
8.0020e+02,4.2970e-06
8.0040e+02,4.2930e-06
8.0060e+02,4.2990e-06
8.0080e+02,4.2840e-06
8.0100e+02,4.2740e-06
8.0120e+02,4.2820e-06
8.0140e+02,4.2820e-06
8.0160e+02,4.2830e-06
8.0180e+02,4.2770e-06
8.0200e+02,4.2790e-06
8.0220e+02,4.2520e-06
8.0240e+02,4.2510e-06
8.0260e+02,4.2500e-06
8.0280e+02,4.2460e-06
8.0300e+02,4.2690e-06
8.0320e+02,4.2740e-06
8.0340e+02,4.2810e-06
8.0360e+02,4.2770e-06
8.0380e+02,4.2540e-06
8.0400e+02,4.2620e-06
8.0420e+02,4.2650e-06
8.0440e+02,4.2480e-06
8.0460e+02,4.2450e-06
8.0480e+02,4.2450e-06
8.0500e+02,4.2370e-06
8.0520e+02,4.2320e-06
8.0540e+02,4.2280e-06
8.0560e+02,4.2180e-06
8.0580e+02,4.2250e-06
8.0600e+02,4.1980e-06
8.0620e+02,4.2090e-06
8.0640e+02,4.2230e-06
8.0660e+02,4.2100e-06
8.0680e+02,4.2170e-06
8.0700e+02,4.2220e-06
8.0720e+02,4.1850e-06
8.0740e+02,4.1700e-06
8.0760e+02,4.1730e-06
8.0780e+02,4.1860e-06
8.0800e+02,4.2040e-06
8.0820e+02,4.1800e-06
8.0840e+02,4.1760e-06
8.0860e+02,4.1700e-06
8.0880e+02,4.1550e-06
8.0900e+02,4.1780e-06
8.0920e+02,4.1920e-06
8.0940e+02,4.1710e-06
8.0960e+02,4.1540e-06
8.0980e+02,4.1500e-06
8.1000e+02,4.2020e-06
8.1020e+02,4.1810e-06
8.1040e+02,4.1700e-06
8.1060e+02,4.1620e-06
8.1080e+02,4.1770e-06
8.1100e+02,4.1600e-06
8.1120e+02,4.1400e-06
8.1140e+02,4.1350e-06
8.1160e+02,4.1350e-06
8.1180e+02,4.1290e-06
8.1200e+02,4.1260e-06
8.1220e+02,4.1290e-06
8.1240e+02,4.1280e-06
8.1260e+02,4.1280e-06
8.1280e+02,4.1160e-06
8.1300e+02,4.1090e-06
8.1320e+02,4.1110e-06
8.1340e+02,4.1120e-06
8.1360e+02,4.1120e-06
8.1380e+02,4.1080e-06
8.1400e+02,4.1000e-06
8.1420e+02,4.1200e-06
8.1440e+02,4.1220e-06
8.1460e+02,4.1140e-06
8.1480e+02,4.1140e-06
8.1500e+02,4.1100e-06
8.1520e+02,4.1180e-06
8.1540e+02,4.1120e-06
8.1560e+02,4.1130e-06
8.1580e+02,4.1060e-06
8.1600e+02,4.1050e-06
8.1620e+02,4.0990e-06
8.1640e+02,4.1000e-06
8.1660e+02,4.1120e-06
8.1680e+02,4.1160e-06
8.1700e+02,4.1230e-06
8.1720e+02,4.1180e-06
8.1740e+02,4.1100e-06
8.1760e+02,4.0970e-06
8.1780e+02,4.0930e-06
8.1800e+02,4.0840e-06
8.1820e+02,4.0840e-06
8.1840e+02,4.0840e-06
8.1860e+02,4.0990e-06
8.1880e+02,4.0870e-06
8.1900e+02,4.0920e-06
8.1920e+02,4.0860e-06
8.1940e+02,4.0910e-06
8.1960e+02,4.0930e-06
8.1980e+02,4.0820e-06
8.2000e+02,4.0660e-06
8.2020e+02,4.0680e-06
8.2040e+02,4.0640e-06
8.2060e+02,4.0710e-06
8.2080e+02,4.0570e-06
8.2100e+02,4.0550e-06
8.2120e+02,4.0530e-06
8.2140e+02,4.0480e-06
8.2160e+02,4.0440e-06
8.2180e+02,4.0550e-06
8.2200e+02,4.0570e-06
8.2220e+02,4.0600e-06
8.2240e+02,4.0640e-06
8.2260e+02,4.0460e-06
8.2280e+02,4.0600e-06
8.2300e+02,4.0510e-06
8.2320e+02,4.0400e-06
8.2340e+02,4.0340e-06
8.2360e+02,4.0230e-06
8.2380e+02,4.0340e-06
8.2400e+02,4.0390e-06
8.2420e+02,4.0400e-06
8.2440e+02,4.0340e-06
8.2460e+02,4.0270e-06
8.2480e+02,4.0120e-06
8.2500e+02,4.0220e-06
8.2520e+02,4.0250e-06
8.2540e+02,4.0130e-06
8.2560e+02,4.0230e-06
8.2580e+02,4.0350e-06
8.2600e+02,4.0360e-06
8.2620e+02,4.0440e-06
8.2640e+02,4.0390e-06
8.2660e+02,4.0370e-06
8.2680e+02,4.0340e-06
8.2700e+02,4.0210e-06
8.2720e+02,4.0290e-06
8.2740e+02,4.0450e-06
8.2760e+02,4.0430e-06
8.2780e+02,4.0420e-06
8.2800e+02,4.0330e-06
8.2820e+02,4.0260e-06
8.2840e+02,4.0320e-06
8.2860e+02,4.0190e-06
8.2880e+02,4.0110e-06
8.2900e+02,4.0100e-06
8.2920e+02,4.0030e-06
8.2940e+02,4.0130e-06
8.2960e+02,4.0180e-06
8.2980e+02,4.0150e-06
8.3000e+02,4.0060e-06
8.3020e+02,4.0130e-06
8.3040e+02,4.0120e-06
8.3060e+02,4.0040e-06
8.3080e+02,4.0080e-06
8.3100e+02,4.0170e-06
8.3120e+02,4.0280e-06
8.3140e+02,4.0250e-06
8.3160e+02,4.0220e-06
8.3180e+02,4.0140e-06
8.3200e+02,4.0130e-06
8.3220e+02,4.0080e-06
8.3240e+02,4.0090e-06
8.3260e+02,4.0040e-06
8.3280e+02,4.0060e-06
8.3300e+02,3.9980e-06
8.3320e+02,3.9980e-06
8.3340e+02,4.0070e-06
8.3360e+02,4.0240e-06
8.3380e+02,4.0320e-06
8.3400e+02,4.0120e-06
8.3420e+02,4.0030e-06
8.3440e+02,4.0080e-06
8.3460e+02,4.0190e-06
8.3480e+02,4.0290e-06
8.3500e+02,4.0430e-06
8.3520e+02,4.0780e-06
8.3540e+02,4.0770e-06
8.3560e+02,4.0780e-06
8.3580e+02,4.0730e-06
8.3600e+02,4.0790e-06
8.3620e+02,4.0990e-06
8.3640e+02,4.1120e-06
8.3660e+02,4.1210e-06
8.3680e+02,4.1180e-06
8.3700e+02,4.1260e-06
8.3720e+02,4.1270e-06
8.3740e+02,4.1340e-06
8.3760e+02,4.1220e-06
8.3780e+02,4.1140e-06
8.3800e+02,4.1010e-06
8.3820e+02,4.0930e-06
8.3840e+02,4.0820e-06
8.3860e+02,4.0800e-06
8.3880e+02,4.0560e-06
8.3900e+02,4.0390e-06
8.3920e+02,4.0350e-06
8.3940e+02,4.0420e-06
8.3960e+02,4.0370e-06
8.3980e+02,4.0220e-06
8.4000e+02,4.0180e-06
8.4020e+02,4.0100e-06
8.4040e+02,4.0050e-06
8.4060e+02,4.0000e-06
8.4080e+02,4.0050e-06
8.4100e+02,4.0080e-06
8.4120e+02,4.0070e-06
8.4140e+02,4.0100e-06
8.4160e+02,4.0030e-06
8.4180e+02,3.9970e-06
8.4200e+02,3.9970e-06
8.4220e+02,3.9970e-06
8.4240e+02,4.0010e-06
8.4260e+02,4.0070e-06
8.4280e+02,4.0120e-06
8.4300e+02,4.0140e-06
8.4320e+02,4.0250e-06
8.4340e+02,4.0220e-06
8.4360e+02,4.0170e-06
8.4380e+02,4.0200e-06
8.4400e+02,4.0300e-06
8.4420e+02,4.0380e-06
8.4440e+02,4.0370e-06
8.4460e+02,4.0300e-06
8.4480e+02,4.0380e-06
8.4500e+02,4.0280e-06
8.4520e+02,4.0220e-06
8.4540e+02,4.0200e-06
8.4560e+02,4.0160e-06
8.4580e+02,4.0150e-06
8.4600e+02,4.0150e-06
8.4620e+02,4.0120e-06
8.4640e+02,4.0140e-06
8.4660e+02,4.0030e-06
8.4680e+02,3.9920e-06
8.4700e+02,3.9920e-06
8.4720e+02,4.0000e-06
8.4740e+02,4.0070e-06
8.4760e+02,4.0130e-06
8.4780e+02,4.0160e-06
8.4800e+02,4.0160e-06
8.4820e+02,4.0330e-06
8.4840e+02,4.0330e-06
8.4860e+02,4.0210e-06
8.4880e+02,4.0110e-06
8.4900e+02,4.0050e-06
8.4920e+02,4.0050e-06
8.4940e+02,4.0050e-06
8.4960e+02,4.0120e-06
8.4980e+02,4.0230e-06
8.5000e+02,4.0290e-06
8.5020e+02,4.0310e-06
8.5040e+02,4.0410e-06
8.5060e+02,4.0330e-06
8.5080e+02,4.0190e-06
8.5100e+02,4.0230e-06
8.5120e+02,4.0160e-06
8.5140e+02,4.0210e-06
8.5160e+02,4.0290e-06
8.5180e+02,4.0230e-06
8.5200e+02,4.0260e-06
8.5220e+02,4.0440e-06
8.5240e+02,4.0540e-06
8.5260e+02,4.0570e-06
8.5280e+02,4.0610e-06
8.5300e+02,4.0620e-06
8.5320e+02,4.0690e-06
8.5340e+02,4.0860e-06
8.5360e+02,4.0920e-06
8.5380e+02,4.0900e-06
8.5400e+02,4.0930e-06
8.5420e+02,4.0880e-06
8.5440e+02,4.0960e-06
8.5460e+02,4.0820e-06
8.5480e+02,4.0770e-06
8.5500e+02,4.0640e-06
8.5520e+02,4.0570e-06
8.5540e+02,4.0460e-06
8.5560e+02,4.0480e-06
8.5580e+02,4.0510e-06
8.5600e+02,4.0580e-06
8.5620e+02,4.0760e-06
8.5640e+02,4.0730e-06
8.5660e+02,4.0660e-06
8.5680e+02,4.0750e-06
8.5700e+02,4.0690e-06
8.5720e+02,4.0710e-06
8.5740e+02,4.0800e-06
8.5760e+02,4.0870e-06
8.5780e+02,4.0790e-06
8.5800e+02,4.0920e-06
8.5820e+02,4.0820e-06
8.5840e+02,4.0870e-06
8.5860e+02,4.1070e-06
8.5880e+02,4.1080e-06
8.5900e+02,4.1120e-06
8.5920e+02,4.1230e-06
8.5940e+02,4.1310e-06
8.5960e+02,4.1340e-06
8.5980e+02,4.1400e-06
8.6000e+02,4.1480e-06
8.6020e+02,4.1490e-06
8.6040e+02,4.1530e-06
8.6060e+02,4.1480e-06
8.6080e+02,4.1450e-06
8.6100e+02,4.1480e-06
8.6120e+02,4.1300e-06
8.6140e+02,4.1280e-06
8.6160e+02,4.1260e-06
8.6180e+02,4.1510e-06
8.6200e+02,4.1110e-06
8.6220e+02,4.1060e-06
8.6240e+02,4.1170e-06
8.6260e+02,4.1240e-06
8.6280e+02,4.1290e-06
8.6300e+02,4.1250e-06
8.6320e+02,4.1030e-06
8.6340e+02,4.1110e-06
8.6360e+02,4.1100e-06
8.6380e+02,4.1110e-06
8.6400e+02,4.1230e-06
8.6420e+02,4.1250e-06
8.6440e+02,4.1370e-06
8.6460e+02,4.1600e-06
8.6480e+02,4.1610e-06
8.6500e+02,4.1700e-06
8.6520e+02,4.1710e-06
8.6540e+02,4.1590e-06
8.6560e+02,4.1560e-06
8.6580e+02,4.1460e-06
8.6600e+02,4.1600e-06
8.6620e+02,4.1470e-06
8.6640e+02,4.1670e-06
8.6660e+02,4.1770e-06
8.6680e+02,4.1720e-06
8.6700e+02,4.1710e-06
8.6720e+02,4.1710e-06
8.6740e+02,4.1700e-06
8.6760e+02,4.1760e-06
8.6780e+02,4.1810e-06
8.6800e+02,4.1550e-06
8.6820e+02,4.1710e-06
8.6840e+02,4.1690e-06
8.6860e+02,4.1650e-06
8.6880e+02,4.1660e-06
8.6900e+02,4.1630e-06
8.6920e+02,4.1700e-06
8.6940e+02,4.1820e-06
8.6960e+02,4.1680e-06
8.6980e+02,4.1910e-06
8.7000e+02,4.2090e-06
8.7020e+02,4.2010e-06
8.7040e+02,4.2100e-06
8.7060e+02,4.2030e-06
8.7080e+02,4.2070e-06
8.7100e+02,4.1850e-06
8.7120e+02,4.1880e-06
8.7140e+02,4.1860e-06
8.7160e+02,4.1960e-06
8.7180e+02,4.2070e-06
8.7200e+02,4.1910e-06
8.7220e+02,4.2140e-06
8.7240e+02,4.2230e-06
8.7260e+02,4.2100e-06
8.7280e+02,4.2040e-06
8.7300e+02,4.1990e-06
8.7320e+02,4.2170e-06
8.7340e+02,4.2290e-06
8.7360e+02,4.2190e-06
8.7380e+02,4.2050e-06
8.7400e+02,4.2230e-06
8.7420e+02,4.2460e-06
8.7440e+02,4.2370e-06
8.7460e+02,4.2140e-06
8.7480e+02,4.2090e-06
8.7500e+02,4.2080e-06
8.7520e+02,4.2370e-06
8.7540e+02,4.2410e-06
8.7560e+02,4.2490e-06
8.7580e+02,4.2620e-06
8.7600e+02,4.2620e-06
8.7620e+02,4.2430e-06
8.7640e+02,4.2400e-06
8.7660e+02,4.2350e-06
8.7680e+02,4.2270e-06
8.7700e+02,4.2320e-06
8.7720e+02,4.2480e-06
8.7740e+02,4.2580e-06
8.7760e+02,4.2580e-06
8.7780e+02,4.2610e-06
8.7800e+02,4.2500e-06
8.7820e+02,4.2510e-06
8.7840e+02,4.2640e-06
8.7860e+02,4.2730e-06
8.7880e+02,4.2930e-06
8.7900e+02,4.2960e-06
8.7920e+02,4.3000e-06
8.7940e+02,4.3010e-06
8.7960e+02,4.2880e-06
8.7980e+02,4.2960e-06
8.8000e+02,4.2940e-06
8.8020e+02,4.2930e-06
8.8040e+02,4.2740e-06
8.8060e+02,4.2550e-06
8.8080e+02,4.2630e-06
8.8100e+02,4.2610e-06
8.8120e+02,4.2640e-06
8.8140e+02,4.2670e-06
8.8160e+02,4.2640e-06
8.8180e+02,4.2730e-06
8.8200e+02,4.2790e-06
8.8220e+02,4.2940e-06
8.8240e+02,4.3010e-06
8.8260e+02,4.3060e-06
8.8280e+02,4.2940e-06
8.8300e+02,4.2820e-06
8.8320e+02,4.2760e-06
8.8340e+02,4.2730e-06
8.8360e+02,4.2840e-06
8.8380e+02,4.2890e-06
8.8400e+02,4.2980e-06
8.8420e+02,4.2960e-06
8.8440e+02,4.2940e-06
8.8460e+02,4.3040e-06
8.8480e+02,4.3000e-06
8.8500e+02,4.3070e-06
8.8520e+02,4.2820e-06
8.8540e+02,4.2730e-06
8.8560e+02,4.2700e-06
8.8580e+02,4.2750e-06
8.8600e+02,4.2830e-06
8.8620e+02,4.2690e-06
8.8640e+02,4.2670e-06
8.8660e+02,4.2650e-06
8.8680e+02,4.2720e-06
8.8700e+02,4.2900e-06
8.8720e+02,4.2890e-06
8.8740e+02,4.2960e-06
8.8760e+02,4.2990e-06
8.8780e+02,4.3100e-06
8.8800e+02,4.3000e-06
8.8820e+02,4.2880e-06
8.8840e+02,4.2870e-06
8.8860e+02,4.2830e-06
8.8880e+02,4.2910e-06
8.8900e+02,4.2960e-06
8.8920e+02,4.2950e-06
8.8940e+02,4.3110e-06
8.8960e+02,4.3210e-06
8.8980e+02,4.3290e-06
8.9000e+02,4.3270e-06
8.9020e+02,4.3330e-06
8.9040e+02,4.3240e-06
8.9060e+02,4.3180e-06
8.9080e+02,4.2990e-06
8.9100e+02,4.2930e-06
8.9120e+02,4.2770e-06
8.9140e+02,4.2660e-06
8.9160e+02,4.2640e-06
8.9180e+02,4.2670e-06
8.9200e+02,4.2650e-06
8.9220e+02,4.2690e-06
8.9240e+02,4.2620e-06
8.9260e+02,4.2680e-06
8.9280e+02,4.2770e-06
8.9300e+02,4.2750e-06
8.9320e+02,4.2720e-06
8.9340e+02,4.2690e-06
8.9360e+02,4.2640e-06
8.9380e+02,4.2670e-06
8.9400e+02,4.2680e-06
8.9420e+02,4.2690e-06
8.9440e+02,4.2740e-06
8.9460e+02,4.2740e-06
8.9480e+02,4.2610e-06
8.9500e+02,4.2680e-06
8.9520e+02,4.2750e-06
8.9540e+02,4.2810e-06
8.9560e+02,4.2770e-06
8.9580e+02,4.2690e-06
8.9600e+02,4.2650e-06
8.9620e+02,4.2670e-06
8.9640e+02,4.2720e-06
8.9660e+02,4.2780e-06
8.9680e+02,4.2820e-06
8.9700e+02,4.2820e-06
8.9720e+02,4.2820e-06
8.9740e+02,4.2860e-06
8.9760e+02,4.2870e-06
8.9780e+02,4.2890e-06
8.9800e+02,4.2960e-06
8.9820e+02,4.2940e-06
8.9840e+02,4.2970e-06
8.9860e+02,4.2900e-06
8.9880e+02,4.2790e-06
8.9900e+02,4.2750e-06
8.9920e+02,4.2750e-06
8.9940e+02,4.2760e-06
8.9960e+02,4.2880e-06
8.9980e+02,4.2840e-06
9.0000e+02,4.2830e-06
9.0020e+02,4.2830e-06
9.0040e+02,4.2780e-06
9.0060e+02,4.2700e-06
9.0080e+02,4.2790e-06
9.0100e+02,4.2850e-06
9.0120e+02,4.3000e-06
9.0140e+02,4.3210e-06
9.0160e+02,4.3160e-06
9.0180e+02,4.3170e-06
9.0200e+02,4.3090e-06
9.0220e+02,4.2860e-06
9.0240e+02,4.2780e-06
9.0260e+02,4.2610e-06
9.0280e+02,4.2450e-06
9.0300e+02,4.2370e-06
9.0320e+02,4.2330e-06
9.0340e+02,4.2400e-06
9.0360e+02,4.2590e-06
9.0380e+02,4.2640e-06
9.0400e+02,4.2580e-06
9.0420e+02,4.2600e-06
9.0440e+02,4.2530e-06
9.0460e+02,4.2590e-06
9.0480e+02,4.2810e-06
9.0500e+02,4.2910e-06
9.0520e+02,4.2880e-06
9.0540e+02,4.2970e-06
9.0560e+02,4.2880e-06
9.0580e+02,4.2840e-06
9.0600e+02,4.2880e-06
9.0620e+02,4.2930e-06
9.0640e+02,4.2940e-06
9.0660e+02,4.3090e-06
9.0680e+02,4.3070e-06
9.0700e+02,4.2980e-06
9.0720e+02,4.2890e-06
9.0740e+02,4.2780e-06
9.0760e+02,4.2590e-06
9.0780e+02,4.2600e-06
9.0800e+02,4.2590e-06
9.0820e+02,4.2650e-06
9.0840e+02,4.2790e-06
9.0860e+02,4.2800e-06
9.0880e+02,4.2850e-06
9.0900e+02,4.3030e-06
9.0920e+02,4.2980e-06
9.0940e+02,4.2910e-06
9.0960e+02,4.2830e-06
9.0980e+02,4.2770e-06
9.1000e+02,4.2680e-06
9.1020e+02,4.2650e-06
9.1040e+02,4.2620e-06
9.1060e+02,4.2670e-06
9.1080e+02,4.2670e-06
9.1100e+02,4.2750e-06
9.1120e+02,4.2800e-06
9.1140e+02,4.2790e-06
9.1160e+02,4.2750e-06
9.1180e+02,4.2740e-06
9.1200e+02,4.2800e-06
9.1220e+02,4.2860e-06
9.1240e+02,4.2880e-06
9.1260e+02,4.2680e-06
9.1280e+02,4.2540e-06
9.1300e+02,4.2520e-06
9.1320e+02,4.2690e-06
9.1340e+02,4.2680e-06
9.1360e+02,4.2600e-06
9.1380e+02,4.2500e-06
9.1400e+02,4.2510e-06
9.1420e+02,4.2580e-06
9.1440e+02,4.2650e-06
9.1460e+02,4.2720e-06
9.1480e+02,4.2760e-06
9.1500e+02,4.2860e-06
9.1520e+02,4.2970e-06
9.1540e+02,4.3040e-06
9.1560e+02,4.2990e-06
9.1580e+02,4.2770e-06
9.1600e+02,4.2670e-06
9.1620e+02,4.2630e-06
9.1640e+02,4.2630e-06
9.1660e+02,4.2670e-06
9.1680e+02,4.2820e-06
9.1700e+02,4.2960e-06
9.1720e+02,4.3100e-06
9.1740e+02,4.3130e-06
9.1760e+02,4.3070e-06
9.1780e+02,4.2940e-06
9.1800e+02,4.2880e-06
9.1820e+02,4.2820e-06
9.1840e+02,4.2730e-06
9.1860e+02,4.2830e-06
9.1880e+02,4.2920e-06
9.1900e+02,4.3020e-06
9.1920e+02,4.3000e-06
9.1940e+02,4.2980e-06
9.1960e+02,4.2880e-06
9.1980e+02,4.2730e-06
9.2000e+02,4.2770e-06
9.2020e+02,4.2920e-06
9.2040e+02,4.2980e-06
9.2060e+02,4.3060e-06
9.2080e+02,4.3050e-06
9.2100e+02,4.3050e-06
9.2120e+02,4.3020e-06
9.2140e+02,4.3060e-06
9.2160e+02,4.3080e-06
9.2180e+02,4.3140e-06
9.2200e+02,4.3190e-06
9.2220e+02,4.3220e-06
9.2240e+02,4.3190e-06
9.2260e+02,4.3090e-06
9.2280e+02,4.3020e-06
9.2300e+02,4.2970e-06
9.2320e+02,4.2870e-06
9.2340e+02,4.2890e-06
9.2360e+02,4.3030e-06
9.2380e+02,4.3160e-06
9.2400e+02,4.3260e-06
9.2420e+02,4.3230e-06
9.2440e+02,4.3180e-06
9.2460e+02,4.3140e-06
9.2480e+02,4.3250e-06
9.2500e+02,4.3450e-06
9.2520e+02,4.3440e-06
9.2540e+02,4.3430e-06
9.2560e+02,4.3400e-06
9.2580e+02,4.3490e-06
9.2600e+02,4.3530e-06
9.2620e+02,4.3560e-06
9.2640e+02,4.3490e-06
9.2660e+02,4.3420e-06
9.2680e+02,4.3430e-06
9.2700e+02,4.3450e-06
9.2720e+02,4.3470e-06
9.2740e+02,4.3420e-06
9.2760e+02,4.3470e-06
9.2780e+02,4.3450e-06
9.2800e+02,4.3390e-06
9.2820e+02,4.3320e-06
9.2840e+02,4.3420e-06
9.2860e+02,4.3440e-06
9.2880e+02,4.3490e-06
9.2900e+02,4.3610e-06
9.2920e+02,4.3690e-06
9.2940e+02,4.3790e-06
9.2960e+02,4.3720e-06
9.2980e+02,4.3670e-06
9.3000e+02,4.3640e-06
9.3020e+02,4.3640e-06
9.3040e+02,4.3660e-06
9.3060e+02,4.3640e-06
9.3080e+02,4.3550e-06
9.3100e+02,4.3630e-06
9.3120e+02,4.3650e-06
9.3140e+02,4.3640e-06
9.3160e+02,4.3570e-06
9.3180e+02,4.3620e-06
9.3200e+02,4.3700e-06
9.3220e+02,4.3710e-06
9.3240e+02,4.3800e-06
9.3260e+02,4.3800e-06
9.3280e+02,4.3820e-06
9.3300e+02,4.3780e-06
9.3320e+02,4.3840e-06
9.3340e+02,4.3850e-06
9.3360e+02,4.3790e-06
9.3380e+02,4.3750e-06
9.3400e+02,4.3720e-06
9.3420e+02,4.3810e-06
9.3440e+02,4.4060e-06
9.3460e+02,4.3900e-06
9.3480e+02,4.3820e-06
9.3500e+02,4.3870e-06
9.3520e+02,4.4060e-06
9.3540e+02,4.4140e-06
9.3560e+02,4.4130e-06
9.3580e+02,4.4090e-06
9.3600e+02,4.4140e-06
9.3620e+02,4.4200e-06
9.3640e+02,4.4270e-06
9.3660e+02,4.4300e-06
9.3680e+02,4.4170e-06
9.3700e+02,4.4180e-06
9.3720e+02,4.4280e-06
9.3740e+02,4.4230e-06
9.3760e+02,4.4090e-06
9.3780e+02,4.3850e-06
9.3800e+02,4.3510e-06
9.3820e+02,4.3260e-06
9.3840e+02,4.3440e-06
9.3860e+02,4.3970e-06
9.3880e+02,4.4140e-06
9.3900e+02,4.3970e-06
9.3920e+02,4.4000e-06
9.3940e+02,4.4050e-06
9.3960e+02,4.3890e-06
9.3980e+02,4.3720e-06
9.4000e+02,4.3830e-06
9.4020e+02,4.3870e-06
9.4040e+02,4.3770e-06
9.4060e+02,4.3850e-06
9.4080e+02,4.3950e-06
9.4100e+02,4.4030e-06
9.4120e+02,4.3610e-06
9.4140e+02,4.3590e-06
9.4160e+02,4.3810e-06
9.4180e+02,4.3890e-06
9.4200e+02,4.3880e-06
9.4220e+02,4.3980e-06
9.4240e+02,4.3910e-06
9.4260e+02,4.3620e-06
9.4280e+02,4.3510e-06
9.4300e+02,4.3610e-06
9.4320e+02,4.3740e-06
9.4340e+02,4.3780e-06
9.4360e+02,4.3830e-06
9.4380e+02,4.3770e-06
9.4400e+02,4.3690e-06
9.4420e+02,4.3580e-06
9.4440e+02,4.3540e-06
9.4460e+02,4.3650e-06
9.4480e+02,4.3550e-06
9.4500e+02,4.3530e-06
9.4520e+02,4.3650e-06
9.4540e+02,4.3030e-06
9.4560e+02,4.3380e-06
9.4580e+02,4.3510e-06
9.4600e+02,4.3650e-06
9.4620e+02,4.3560e-06
9.4640e+02,4.3540e-06
9.4660e+02,4.3860e-06
9.4680e+02,4.4270e-06
9.4700e+02,4.4230e-06
9.4720e+02,4.4030e-06
9.4740e+02,4.3980e-06
9.4760e+02,4.3720e-06
9.4780e+02,4.3410e-06
9.4800e+02,4.3520e-06
9.4820e+02,4.3570e-06
9.4840e+02,4.3210e-06
9.4860e+02,4.3170e-06
9.4880e+02,4.3480e-06
9.4900e+02,4.3700e-06
9.4920e+02,4.3860e-06
9.4940e+02,4.3820e-06
9.4960e+02,4.4230e-06
9.4980e+02,4.3770e-06
9.5000e+02,4.3565e-06
9.5020e+02,4.3395e-06
9.5040e+02,4.3475e-06
9.5060e+02,4.3510e-06
9.5080e+02,4.3615e-06
9.5100e+02,4.3675e-06
9.5120e+02,4.3800e-06
9.5140e+02,4.3730e-06
9.5160e+02,4.3750e-06
9.5180e+02,4.3945e-06
9.5200e+02,4.3960e-06
9.5220e+02,4.3895e-06
9.5240e+02,4.3965e-06
9.5260e+02,4.4080e-06
9.5280e+02,4.4125e-06
9.5300e+02,4.4160e-06
9.5320e+02,4.4225e-06
9.5340e+02,4.4250e-06
9.5360e+02,4.4095e-06
9.5380e+02,4.4040e-06
9.5400e+02,4.4305e-06
9.5420e+02,4.4310e-06
9.5440e+02,4.4215e-06
9.5460e+02,4.4255e-06
9.5480e+02,4.4335e-06
9.5500e+02,4.4115e-06
9.5520e+02,4.4035e-06
9.5540e+02,4.3960e-06
9.5560e+02,4.4190e-06
9.5580e+02,4.4120e-06
9.5600e+02,4.4155e-06
9.5620e+02,4.4390e-06
9.5640e+02,4.4435e-06
9.5660e+02,4.4330e-06
9.5680e+02,4.4305e-06
9.5700e+02,4.4360e-06
9.5720e+02,4.4210e-06
9.5740e+02,4.4405e-06
9.5760e+02,4.4525e-06
9.5780e+02,4.4845e-06
9.5800e+02,4.4560e-06
9.5820e+02,4.4500e-06
9.5840e+02,4.4430e-06
9.5860e+02,4.4430e-06
9.5880e+02,4.4245e-06
9.5900e+02,4.4290e-06
9.5920e+02,4.4425e-06
9.5940e+02,4.4315e-06
9.5960e+02,4.4235e-06
9.5980e+02,4.4430e-06
9.6000e+02,4.4555e-06
9.6020e+02,4.4350e-06
9.6040e+02,4.4495e-06
9.6060e+02,4.4595e-06
9.6080e+02,4.4610e-06
9.6100e+02,4.4445e-06
9.6120e+02,4.4355e-06
9.6140e+02,4.4585e-06
9.6160e+02,4.4575e-06
9.6180e+02,4.4490e-06
9.6200e+02,4.4515e-06
9.6220e+02,4.4455e-06
9.6240e+02,4.4445e-06
9.6260e+02,4.4350e-06
9.6280e+02,4.4380e-06
9.6300e+02,4.4325e-06
9.6320e+02,4.4070e-06
9.6340e+02,4.4140e-06
9.6360e+02,4.4545e-06
9.6380e+02,4.4410e-06
9.6400e+02,4.4440e-06
9.6420e+02,4.4435e-06
9.6440e+02,4.4605e-06
9.6460e+02,4.4465e-06
9.6480e+02,4.4345e-06
9.6500e+02,4.4475e-06
9.6520e+02,4.4520e-06
9.6540e+02,4.4290e-06
9.6560e+02,4.4315e-06
9.6580e+02,4.4395e-06
9.6600e+02,4.4270e-06
9.6620e+02,4.4200e-06
9.6640e+02,4.4090e-06
9.6660e+02,4.4085e-06
9.6680e+02,4.4080e-06
9.6700e+02,4.4270e-06
9.6720e+02,4.4375e-06
9.6740e+02,4.4375e-06
9.6760e+02,4.4000e-06
9.6780e+02,4.3795e-06
9.6800e+02,4.3885e-06
9.6820e+02,4.3890e-06
9.6840e+02,4.3620e-06
9.6860e+02,4.3715e-06
9.6880e+02,4.3865e-06
9.6900e+02,4.3765e-06
9.6920e+02,4.3930e-06
9.6940e+02,4.4005e-06
9.6960e+02,4.3975e-06
9.6980e+02,4.3670e-06
9.7000e+02,4.3800e-06
9.7020e+02,4.4010e-06
9.7040e+02,4.3870e-06
9.7060e+02,4.3740e-06
9.7080e+02,4.3705e-06
9.7100e+02,4.3520e-06
9.7120e+02,4.3450e-06
9.7140e+02,4.3705e-06
9.7160e+02,4.3830e-06
9.7180e+02,4.3940e-06
9.7200e+02,4.3855e-06
9.7220e+02,4.3760e-06
9.7240e+02,4.3805e-06
9.7260e+02,4.3645e-06
9.7280e+02,4.3505e-06
9.7300e+02,4.3575e-06
9.7320e+02,4.3530e-06
9.7340e+02,4.3390e-06
9.7360e+02,4.3635e-06
9.7380e+02,4.3920e-06
9.7400e+02,4.3890e-06
9.7420e+02,4.3765e-06
9.7440e+02,4.3735e-06
9.7460e+02,4.3790e-06
9.7480e+02,4.3730e-06
9.7500e+02,4.3680e-06
9.7520e+02,4.3805e-06
9.7540e+02,4.3865e-06
9.7560e+02,4.3760e-06
9.7580e+02,4.3870e-06
9.7600e+02,4.4030e-06
9.7620e+02,4.3830e-06
9.7640e+02,4.3585e-06
9.7660e+02,4.3615e-06
9.7680e+02,4.3985e-06
9.7700e+02,4.3830e-06
9.7720e+02,4.3625e-06
9.7740e+02,4.4055e-06
9.7760e+02,4.3920e-06
9.7780e+02,4.3685e-06
9.7800e+02,4.3740e-06
9.7820e+02,4.3760e-06
9.7840e+02,4.3610e-06
9.7860e+02,4.3380e-06
9.7880e+02,4.3430e-06
9.7900e+02,4.3595e-06
9.7920e+02,4.3425e-06
9.7940e+02,4.3580e-06
9.7960e+02,4.3820e-06
9.7980e+02,4.3650e-06
9.8000e+02,4.3455e-06
9.8020e+02,4.3495e-06
9.8040e+02,4.3515e-06
9.8060e+02,4.3540e-06
9.8080e+02,4.3810e-06
9.8100e+02,4.4020e-06
9.8120e+02,4.4065e-06
9.8140e+02,4.3415e-06
9.8160e+02,4.3265e-06
9.8180e+02,4.3700e-06
9.8200e+02,4.3555e-06
9.8220e+02,4.3435e-06
9.8240e+02,4.3355e-06
9.8260e+02,4.3570e-06
9.8280e+02,4.3510e-06
9.8300e+02,4.3205e-06
9.8320e+02,4.3310e-06
9.8340e+02,4.3455e-06
9.8360e+02,4.3465e-06
9.8380e+02,4.3455e-06
9.8400e+02,4.3690e-06
9.8420e+02,4.3525e-06
9.8440e+02,4.3450e-06
9.8460e+02,4.3560e-06
9.8480e+02,4.3655e-06
9.8500e+02,4.3500e-06
9.8520e+02,4.3540e-06
9.8540e+02,4.3645e-06
9.8560e+02,4.3890e-06
9.8580e+02,4.3985e-06
9.8600e+02,4.3835e-06
9.8620e+02,4.4015e-06
9.8640e+02,4.4050e-06
9.8660e+02,4.3620e-06
9.8680e+02,4.3465e-06
9.8700e+02,4.3465e-06
9.8720e+02,4.3380e-06
9.8740e+02,4.3350e-06
9.8760e+02,4.3530e-06
9.8780e+02,4.3485e-06
9.8800e+02,4.3275e-06
9.8820e+02,4.3375e-06
9.8840e+02,4.3520e-06
9.8860e+02,4.3375e-06
9.8880e+02,4.3300e-06
9.8900e+02,4.3405e-06
9.8920e+02,4.3595e-06
9.8940e+02,4.3480e-06
9.8960e+02,4.3490e-06
9.8980e+02,4.3600e-06
9.9000e+02,4.3475e-06
9.9020e+02,4.3265e-06
9.9040e+02,4.3185e-06
9.9060e+02,4.3375e-06
9.9080e+02,4.3485e-06
9.9100e+02,4.3375e-06
9.9120e+02,4.3470e-06
9.9140e+02,4.3615e-06
9.9160e+02,4.3405e-06
9.9180e+02,4.3580e-06
9.9200e+02,4.3620e-06
9.9220e+02,4.3535e-06
9.9240e+02,4.3275e-06
9.9260e+02,4.3175e-06
9.9280e+02,4.3195e-06
9.9300e+02,4.3100e-06
9.9320e+02,4.2985e-06
9.9340e+02,4.3280e-06
9.9360e+02,4.3515e-06
9.9380e+02,4.3425e-06
9.9400e+02,4.3435e-06
9.9420e+02,4.3585e-06
9.9440e+02,4.3545e-06
9.9460e+02,4.3405e-06
9.9480e+02,4.3395e-06
9.9500e+02,4.3340e-06
9.9520e+02,4.3150e-06
9.9540e+02,4.3045e-06
9.9560e+02,4.3225e-06
9.9580e+02,4.3360e-06
9.9600e+02,4.3250e-06
9.9620e+02,4.3160e-06
9.9640e+02,4.2975e-06
9.9660e+02,4.2870e-06
9.9680e+02,4.2675e-06
9.9700e+02,4.2900e-06
9.9720e+02,4.3030e-06
9.9740e+02,4.3015e-06
9.9760e+02,4.2920e-06
9.9780e+02,4.2950e-06
9.9800e+02,4.2940e-06
9.9820e+02,4.2920e-06
9.9840e+02,4.3050e-06
9.9860e+02,4.3270e-06
9.9880e+02,4.3340e-06
9.9900e+02,4.3220e-06
9.9920e+02,4.3295e-06
9.9940e+02,4.3295e-06
9.9960e+02,4.3045e-06
9.9980e+02,4.2765e-06
1.0000e+03,4.3240e-06
1.0002e+03,4.3340e-06
1.0004e+03,4.3370e-06
1.0006e+03,4.3200e-06
1.0008e+03,4.3390e-06
1.0010e+03,4.3430e-06
1.0012e+03,4.3420e-06
1.0014e+03,4.3400e-06
1.0016e+03,4.3280e-06
1.0018e+03,4.3500e-06
1.0020e+03,4.3340e-06
1.0022e+03,4.3220e-06
1.0024e+03,4.3420e-06
1.0026e+03,4.3300e-06
1.0028e+03,4.3200e-06
1.0030e+03,4.3120e-06
1.0032e+03,4.3320e-06
1.0034e+03,4.3220e-06
1.0036e+03,4.3020e-06
1.0038e+03,4.3180e-06
1.0040e+03,4.3480e-06
1.0042e+03,4.3340e-06
1.0044e+03,4.3470e-06
1.0046e+03,4.3710e-06
1.0048e+03,4.3740e-06
1.0050e+03,4.3290e-06
1.0052e+03,4.3390e-06
1.0054e+03,4.3480e-06
1.0056e+03,4.3460e-06
1.0058e+03,4.3420e-06
1.0060e+03,4.3550e-06
1.0062e+03,4.3500e-06
1.0064e+03,4.3370e-06
1.0066e+03,4.3090e-06
1.0068e+03,4.3200e-06
1.0070e+03,4.3370e-06
1.0072e+03,4.3230e-06
1.0074e+03,4.3480e-06
1.0076e+03,4.3570e-06
1.0078e+03,4.3300e-06
1.0080e+03,4.3060e-06
1.0082e+03,4.3100e-06
1.0084e+03,4.3300e-06
1.0086e+03,4.3160e-06
1.0088e+03,4.3430e-06
1.0090e+03,4.3350e-06
1.0092e+03,4.3070e-06
1.0094e+03,4.2910e-06
1.0096e+03,4.2700e-06
1.0098e+03,4.3120e-06
1.0100e+03,4.3060e-06
1.0102e+03,4.3340e-06
1.0104e+03,4.3320e-06
1.0106e+03,4.3310e-06
1.0108e+03,4.3160e-06
1.0110e+03,4.3000e-06
1.0112e+03,4.3070e-06
1.0114e+03,4.2890e-06
1.0116e+03,4.2870e-06
1.0118e+03,4.3040e-06
1.0120e+03,4.3410e-06
1.0122e+03,4.3360e-06
1.0124e+03,4.3160e-06
1.0126e+03,4.3390e-06
1.0128e+03,4.3340e-06
1.0130e+03,4.3170e-06
1.0132e+03,4.3390e-06
1.0134e+03,4.3380e-06
1.0136e+03,4.3170e-06
1.0138e+03,4.3000e-06
1.0140e+03,4.3520e-06
1.0142e+03,4.3350e-06
1.0144e+03,4.3060e-06
1.0146e+03,4.3220e-06
1.0148e+03,4.3350e-06
1.0150e+03,4.3230e-06
1.0152e+03,4.2990e-06
1.0154e+03,4.3310e-06
1.0156e+03,4.3140e-06
1.0158e+03,4.2920e-06
1.0160e+03,4.2770e-06
1.0162e+03,4.2900e-06
1.0164e+03,4.2920e-06
1.0166e+03,4.2700e-06
1.0168e+03,4.2650e-06
1.0170e+03,4.2710e-06
1.0172e+03,4.2950e-06
1.0174e+03,4.2700e-06
1.0176e+03,4.3070e-06
1.0178e+03,4.3290e-06
1.0180e+03,4.3340e-06
1.0182e+03,4.3180e-06
1.0184e+03,4.3140e-06
1.0186e+03,4.3250e-06
1.0188e+03,4.3210e-06
1.0190e+03,4.3030e-06
1.0192e+03,4.3150e-06
1.0194e+03,4.3180e-06
1.0196e+03,4.3210e-06
1.0198e+03,4.3160e-06
1.0200e+03,4.3380e-06
1.0202e+03,4.3280e-06
1.0204e+03,4.2880e-06
1.0206e+03,4.3230e-06
1.0208e+03,4.3400e-06
1.0210e+03,4.3170e-06
1.0212e+03,4.3110e-06
1.0214e+03,4.2750e-06
1.0216e+03,4.2560e-06
1.0218e+03,4.2760e-06
1.0220e+03,4.2960e-06
1.0222e+03,4.3150e-06
1.0224e+03,4.3210e-06
1.0226e+03,4.3170e-06
1.0228e+03,4.3070e-06
1.0230e+03,4.2880e-06
1.0232e+03,4.2510e-06
1.0234e+03,4.2510e-06
1.0236e+03,4.2500e-06
1.0238e+03,4.2630e-06
1.0240e+03,4.2470e-06
1.0242e+03,4.2470e-06
1.0244e+03,4.2560e-06
1.0246e+03,4.2510e-06
1.0248e+03,4.2520e-06
1.0250e+03,4.2720e-06
1.0252e+03,4.2960e-06
1.0254e+03,4.2760e-06
1.0256e+03,4.2920e-06
1.0258e+03,4.2980e-06
1.0260e+03,4.2540e-06
1.0262e+03,4.2230e-06
1.0264e+03,4.2150e-06
1.0266e+03,4.2300e-06
1.0268e+03,4.2280e-06
1.0270e+03,4.2290e-06
1.0272e+03,4.2620e-06
1.0274e+03,4.2790e-06
1.0276e+03,4.2620e-06
1.0278e+03,4.2550e-06
1.0280e+03,4.2600e-06
1.0282e+03,4.2400e-06
1.0284e+03,4.2170e-06
1.0286e+03,4.2110e-06
1.0288e+03,4.2290e-06
1.0290e+03,4.2290e-06
1.0292e+03,4.2320e-06
1.0294e+03,4.2320e-06
1.0296e+03,4.2340e-06
1.0298e+03,4.2170e-06
1.0300e+03,4.2250e-06
1.0302e+03,4.2480e-06
1.0304e+03,4.2390e-06
1.0306e+03,4.2300e-06
1.0308e+03,4.2370e-06
1.0310e+03,4.2460e-06
1.0312e+03,4.2260e-06
1.0314e+03,4.1900e-06
1.0316e+03,4.2030e-06
1.0318e+03,4.1950e-06
1.0320e+03,4.1790e-06
1.0322e+03,4.1960e-06
1.0324e+03,4.2090e-06
1.0326e+03,4.2030e-06
1.0328e+03,4.1970e-06
1.0330e+03,4.2180e-06
1.0332e+03,4.2380e-06
1.0334e+03,4.2210e-06
1.0336e+03,4.2200e-06
1.0338e+03,4.2440e-06
1.0340e+03,4.2460e-06
1.0342e+03,4.2450e-06
1.0344e+03,4.2420e-06
1.0346e+03,4.2460e-06
1.0348e+03,4.2360e-06
1.0350e+03,4.2140e-06
1.0352e+03,4.2240e-06
1.0354e+03,4.2170e-06
1.0356e+03,4.2020e-06
1.0358e+03,4.2120e-06
1.0360e+03,4.2410e-06
1.0362e+03,4.2320e-06
1.0364e+03,4.2040e-06
1.0366e+03,4.2130e-06
1.0368e+03,4.2330e-06
1.0370e+03,4.2220e-06
1.0372e+03,4.1840e-06
1.0374e+03,4.1840e-06
1.0376e+03,4.1720e-06
1.0378e+03,4.1540e-06
1.0380e+03,4.1890e-06
1.0382e+03,4.1970e-06
1.0384e+03,4.1940e-06
1.0386e+03,4.1480e-06
1.0388e+03,4.1600e-06
1.0390e+03,4.1720e-06
1.0392e+03,4.1600e-06
1.0394e+03,4.1520e-06
1.0396e+03,4.1750e-06
1.0398e+03,4.1820e-06
1.0400e+03,4.1820e-06
1.0402e+03,4.2000e-06
1.0404e+03,4.2250e-06
1.0406e+03,4.2330e-06
1.0408e+03,4.2250e-06
1.0410e+03,4.2180e-06
1.0412e+03,4.2140e-06
1.0414e+03,4.1910e-06
1.0416e+03,4.2100e-06
1.0418e+03,4.2190e-06
1.0420e+03,4.2230e-06
1.0422e+03,4.1960e-06
1.0424e+03,4.1770e-06
1.0426e+03,4.1810e-06
1.0428e+03,4.1540e-06
1.0430e+03,4.1270e-06
1.0432e+03,4.1210e-06
1.0434e+03,4.1190e-06
1.0436e+03,4.1200e-06
1.0438e+03,4.1040e-06
1.0440e+03,4.1450e-06
1.0442e+03,4.1550e-06
1.0444e+03,4.1450e-06
1.0446e+03,4.1600e-06
1.0448e+03,4.1710e-06
1.0450e+03,4.1670e-06
1.0452e+03,4.1530e-06
1.0454e+03,4.1650e-06
1.0456e+03,4.1660e-06
1.0458e+03,4.1550e-06
1.0460e+03,4.1520e-06
1.0462e+03,4.1740e-06
1.0464e+03,4.1750e-06
1.0466e+03,4.1820e-06
1.0468e+03,4.1770e-06
1.0470e+03,4.1990e-06
1.0472e+03,4.1880e-06
1.0474e+03,4.1800e-06
1.0476e+03,4.1900e-06
1.0478e+03,4.1740e-06
1.0480e+03,4.1450e-06
1.0482e+03,4.1330e-06
1.0484e+03,4.1360e-06
1.0486e+03,4.1360e-06
1.0488e+03,4.1160e-06
1.0490e+03,4.1250e-06
1.0492e+03,4.1350e-06
1.0494e+03,4.1110e-06
1.0496e+03,4.1130e-06
1.0498e+03,4.1080e-06
1.0500e+03,4.1110e-06
1.0502e+03,4.1060e-06
1.0504e+03,4.1050e-06
1.0506e+03,4.1380e-06
1.0508e+03,4.1260e-06
1.0510e+03,4.1180e-06
1.0512e+03,4.1390e-06
1.0514e+03,4.1470e-06
1.0516e+03,4.1550e-06
1.0518e+03,4.1460e-06
1.0520e+03,4.1680e-06
1.0522e+03,4.1750e-06
1.0524e+03,4.1320e-06
1.0526e+03,4.1280e-06
1.0528e+03,4.1360e-06
1.0530e+03,4.1250e-06
1.0532e+03,4.1130e-06
1.0534e+03,4.1280e-06
1.0536e+03,4.1500e-06
1.0538e+03,4.1530e-06
1.0540e+03,4.1400e-06
1.0542e+03,4.1500e-06
1.0544e+03,4.1570e-06
1.0546e+03,4.1380e-06
1.0548e+03,4.1400e-06
1.0550e+03,4.1600e-06
1.0552e+03,4.1480e-06
1.0554e+03,4.1260e-06
1.0556e+03,4.1290e-06
1.0558e+03,4.1420e-06
1.0560e+03,4.1340e-06
1.0562e+03,4.1350e-06
1.0564e+03,4.1500e-06
1.0566e+03,4.1520e-06
1.0568e+03,4.1270e-06
1.0570e+03,4.1220e-06
1.0572e+03,4.1080e-06
1.0574e+03,4.1000e-06
1.0576e+03,4.0830e-06
1.0578e+03,4.0890e-06
1.0580e+03,4.1260e-06
1.0582e+03,4.0950e-06
1.0584e+03,4.0790e-06
1.0586e+03,4.0940e-06
1.0588e+03,4.1140e-06
1.0590e+03,4.1360e-06
1.0592e+03,4.1250e-06
1.0594e+03,4.1360e-06
1.0596e+03,4.1330e-06
1.0598e+03,4.1190e-06
1.0600e+03,4.1140e-06
1.0602e+03,4.1240e-06
1.0604e+03,4.1140e-06
1.0606e+03,4.1320e-06
1.0608e+03,4.1570e-06
1.0610e+03,4.1600e-06
1.0612e+03,4.1310e-06
1.0614e+03,4.1340e-06
1.0616e+03,4.1310e-06
1.0618e+03,4.0870e-06
1.0620e+03,4.0800e-06
1.0622e+03,4.1010e-06
1.0624e+03,4.1230e-06
1.0626e+03,4.1090e-06
1.0628e+03,4.1130e-06
1.0630e+03,4.1290e-06
1.0632e+03,4.1330e-06
1.0634e+03,4.1160e-06
1.0636e+03,4.1170e-06
1.0638e+03,4.1060e-06
1.0640e+03,4.0850e-06
1.0642e+03,4.0560e-06
1.0644e+03,4.0660e-06
1.0646e+03,4.0870e-06
1.0648e+03,4.0620e-06
1.0650e+03,4.0530e-06
1.0652e+03,4.0490e-06
1.0654e+03,4.0970e-06
1.0656e+03,4.1120e-06
1.0658e+03,4.0840e-06
1.0660e+03,4.1230e-06
1.0662e+03,4.0920e-06
1.0664e+03,4.1210e-06
1.0666e+03,4.1240e-06
1.0668e+03,4.0780e-06
1.0670e+03,4.0890e-06
1.0672e+03,4.0740e-06
1.0674e+03,4.0920e-06
1.0676e+03,4.1070e-06
1.0678e+03,4.0630e-06
1.0680e+03,4.0830e-06
1.0682e+03,4.1090e-06
1.0684e+03,4.0690e-06
1.0686e+03,4.0710e-06
1.0688e+03,4.0830e-06
1.0690e+03,4.1320e-06
1.0692e+03,4.0950e-06
1.0694e+03,4.1090e-06
1.0696e+03,4.0840e-06
1.0698e+03,4.1100e-06
1.0700e+03,4.0690e-06
1.0702e+03,4.0600e-06
1.0704e+03,4.0710e-06
1.0706e+03,4.0610e-06
1.0708e+03,4.0490e-06
1.0710e+03,4.0470e-06
1.0712e+03,4.0130e-06
1.0714e+03,4.0000e-06
1.0716e+03,4.0410e-06
1.0718e+03,4.0660e-06
1.0720e+03,4.0620e-06
1.0722e+03,4.0490e-06
1.0724e+03,4.0570e-06
1.0726e+03,4.0510e-06
1.0728e+03,4.0530e-06
1.0730e+03,4.0640e-06
1.0732e+03,4.0600e-06
1.0734e+03,4.0730e-06
1.0736e+03,4.0340e-06
1.0738e+03,4.1340e-06
1.0740e+03,4.0890e-06
1.0742e+03,4.0750e-06
1.0744e+03,4.0620e-06
1.0746e+03,4.0520e-06
1.0748e+03,4.0560e-06
1.0750e+03,4.0390e-06
1.0752e+03,4.0060e-06
1.0754e+03,4.0430e-06
1.0756e+03,4.0730e-06
1.0758e+03,4.0650e-06
1.0760e+03,4.0650e-06
1.0762e+03,4.0620e-06
1.0764e+03,4.0600e-06
1.0766e+03,4.0610e-06
1.0768e+03,4.0320e-06
1.0770e+03,4.0510e-06
1.0772e+03,4.0200e-06
1.0774e+03,4.0120e-06
1.0776e+03,4.0170e-06
1.0778e+03,4.0000e-06
1.0780e+03,3.9820e-06
1.0782e+03,3.9840e-06
1.0784e+03,3.9980e-06
1.0786e+03,4.0000e-06
1.0788e+03,4.0030e-06
1.0790e+03,4.0150e-06
1.0792e+03,4.0220e-06
1.0794e+03,4.0150e-06
1.0796e+03,4.0250e-06
1.0798e+03,4.0380e-06
1.0800e+03,4.0170e-06
1.0802e+03,3.9910e-06
1.0804e+03,4.0030e-06
1.0806e+03,4.0300e-06
1.0808e+03,4.0300e-06
1.0810e+03,4.0480e-06
1.0812e+03,4.0550e-06
1.0814e+03,4.0360e-06
1.0816e+03,4.0030e-06
1.0818e+03,3.9720e-06
1.0820e+03,3.9650e-06
1.0822e+03,3.9690e-06
1.0824e+03,3.9800e-06
1.0826e+03,4.0090e-06
1.0828e+03,4.0280e-06
1.0830e+03,4.0140e-06
1.0832e+03,3.9970e-06
1.0834e+03,4.0020e-06
1.0836e+03,4.0160e-06
1.0838e+03,4.0040e-06
1.0840e+03,4.0220e-06
1.0842e+03,4.0320e-06
1.0844e+03,4.0180e-06
1.0846e+03,4.0070e-06
1.0848e+03,4.0180e-06
1.0850e+03,4.0320e-06
1.0852e+03,4.0090e-06
1.0854e+03,3.9940e-06
1.0856e+03,4.0070e-06
1.0858e+03,4.0080e-06
1.0860e+03,3.9990e-06
1.0862e+03,4.0060e-06
1.0864e+03,4.0120e-06
1.0866e+03,3.9980e-06
1.0868e+03,3.9920e-06
1.0870e+03,4.0100e-06
1.0872e+03,4.0060e-06
1.0874e+03,3.9920e-06
1.0876e+03,3.9940e-06
1.0878e+03,3.9970e-06
1.0880e+03,4.0140e-06
1.0882e+03,4.0070e-06
1.0884e+03,4.0090e-06
1.0886e+03,4.0190e-06
1.0888e+03,4.0210e-06
1.0890e+03,4.0200e-06
1.0892e+03,4.0230e-06
1.0894e+03,4.0280e-06
1.0896e+03,4.0060e-06
1.0898e+03,3.9910e-06
1.0900e+03,4.0090e-06
1.0902e+03,4.0090e-06
1.0904e+03,3.9950e-06
1.0906e+03,3.9940e-06
1.0908e+03,3.9980e-06
1.0910e+03,3.9800e-06
1.0912e+03,3.9580e-06
1.0914e+03,3.9710e-06
1.0916e+03,3.9650e-06
1.0918e+03,3.9540e-06
1.0920e+03,3.9620e-06
1.0922e+03,3.9780e-06
1.0924e+03,3.9800e-06
1.0926e+03,3.9640e-06
1.0928e+03,3.9630e-06
1.0930e+03,3.9690e-06
1.0932e+03,3.9740e-06
1.0934e+03,3.9890e-06
1.0936e+03,4.0000e-06
1.0938e+03,3.9940e-06
1.0940e+03,3.9790e-06
1.0942e+03,3.9730e-06
1.0944e+03,3.9870e-06
1.0946e+03,3.9890e-06
1.0948e+03,3.9720e-06
1.0950e+03,3.9900e-06
1.0952e+03,3.9900e-06
1.0954e+03,3.9560e-06
1.0956e+03,3.9490e-06
1.0958e+03,3.9740e-06
1.0960e+03,3.9740e-06
1.0962e+03,3.9660e-06
1.0964e+03,3.9790e-06
1.0966e+03,3.9850e-06
1.0968e+03,3.9750e-06
1.0970e+03,3.9610e-06
1.0972e+03,3.9720e-06
1.0974e+03,4.0010e-06
1.0976e+03,3.9950e-06
1.0978e+03,3.9910e-06
1.0980e+03,3.9920e-06
1.0982e+03,3.9770e-06
1.0984e+03,3.9620e-06
1.0986e+03,3.9650e-06
1.0988e+03,3.9820e-06
1.0990e+03,3.9650e-06
1.0992e+03,3.9490e-06
1.0994e+03,3.9610e-06
1.0996e+03,3.9660e-06
1.0998e+03,3.9500e-06
1.1000e+03,3.9520e-06
1.1002e+03,3.9690e-06
1.1004e+03,3.9700e-06
1.1006e+03,3.9430e-06
1.1008e+03,3.9330e-06
1.1010e+03,3.9280e-06
1.1012e+03,3.9240e-06
1.1014e+03,3.9270e-06
1.1016e+03,3.9450e-06
1.1018e+03,3.9540e-06
1.1020e+03,3.9250e-06
1.1022e+03,3.9190e-06
1.1024e+03,3.9300e-06
1.1026e+03,3.9480e-06
1.1028e+03,3.9330e-06
1.1030e+03,3.9330e-06
1.1032e+03,3.9290e-06
1.1034e+03,3.9380e-06
1.1036e+03,3.9220e-06
1.1038e+03,3.9440e-06
1.1040e+03,3.9470e-06
1.1042e+03,3.9350e-06
1.1044e+03,3.9450e-06
1.1046e+03,3.9650e-06
1.1048e+03,3.9680e-06
1.1050e+03,3.9510e-06
1.1052e+03,3.9470e-06
1.1054e+03,3.9400e-06
1.1056e+03,3.9240e-06
1.1058e+03,3.9100e-06
1.1060e+03,3.9180e-06
1.1062e+03,3.9230e-06
1.1064e+03,3.9070e-06
1.1066e+03,3.9130e-06
1.1068e+03,3.9150e-06
1.1070e+03,3.9100e-06
1.1072e+03,3.8830e-06
1.1074e+03,3.8990e-06
1.1076e+03,3.9000e-06
1.1078e+03,3.8970e-06
1.1080e+03,3.8830e-06
1.1082e+03,3.8900e-06
1.1084e+03,3.8930e-06
1.1086e+03,3.8820e-06
1.1088e+03,3.8850e-06
1.1090e+03,3.8880e-06
1.1092e+03,3.8920e-06
1.1094e+03,3.8760e-06
1.1096e+03,3.8820e-06
1.1098e+03,3.8820e-06
1.1100e+03,3.8740e-06
1.1102e+03,3.8690e-06
1.1104e+03,3.8700e-06
1.1106e+03,3.8660e-06
1.1108e+03,3.8520e-06
1.1110e+03,3.8670e-06
1.1112e+03,3.8780e-06
1.1114e+03,3.8770e-06
1.1116e+03,3.8630e-06
1.1118e+03,3.8600e-06
1.1120e+03,3.8460e-06
1.1122e+03,3.8300e-06
1.1124e+03,3.8200e-06
1.1126e+03,3.8490e-06
1.1128e+03,3.8520e-06
1.1130e+03,3.8180e-06
1.1132e+03,3.8010e-06
1.1134e+03,3.8290e-06
1.1136e+03,3.8500e-06
1.1138e+03,3.8520e-06
1.1140e+03,3.8650e-06
1.1142e+03,3.8800e-06
1.1144e+03,3.8680e-06
1.1146e+03,3.8610e-06
1.1148e+03,3.8740e-06
1.1150e+03,3.8770e-06
1.1152e+03,3.8390e-06
1.1154e+03,3.8320e-06
1.1156e+03,3.8520e-06
1.1158e+03,3.8650e-06
1.1160e+03,3.8570e-06
1.1162e+03,3.8630e-06
1.1164e+03,3.8490e-06
1.1166e+03,3.8320e-06
1.1168e+03,3.8440e-06
1.1170e+03,3.8560e-06
1.1172e+03,3.8400e-06
1.1174e+03,3.8280e-06
1.1176e+03,3.8350e-06
1.1178e+03,3.8280e-06
1.1180e+03,3.8200e-06
1.1182e+03,3.8050e-06
1.1184e+03,3.8020e-06
1.1186e+03,3.8140e-06
1.1188e+03,3.8160e-06
1.1190e+03,3.7900e-06
1.1192e+03,3.7810e-06
1.1194e+03,3.7860e-06
1.1196e+03,3.7840e-06
1.1198e+03,3.7980e-06
1.1200e+03,3.8160e-06
1.1202e+03,3.7970e-06
1.1204e+03,3.7940e-06
1.1206e+03,3.8070e-06
1.1208e+03,3.8160e-06
1.1210e+03,3.8120e-06
1.1212e+03,3.8090e-06
1.1214e+03,3.8150e-06
1.1216e+03,3.8230e-06
1.1218e+03,3.8050e-06
1.1220e+03,3.7950e-06
1.1222e+03,3.7720e-06
1.1224e+03,3.7480e-06
1.1226e+03,3.7450e-06
1.1228e+03,3.7640e-06
1.1230e+03,3.7910e-06
1.1232e+03,3.7780e-06
1.1234e+03,3.7540e-06
1.1236e+03,3.7620e-06
1.1238e+03,3.7570e-06
1.1240e+03,3.7510e-06
1.1242e+03,3.7900e-06
1.1244e+03,3.8120e-06
1.1246e+03,3.8120e-06
1.1248e+03,3.8100e-06
1.1250e+03,3.8200e-06
1.1252e+03,3.7860e-06
1.1254e+03,3.7770e-06
1.1256e+03,3.7820e-06
1.1258e+03,3.8170e-06
1.1260e+03,3.8100e-06
1.1262e+03,3.7910e-06
1.1264e+03,3.7930e-06
1.1266e+03,3.7960e-06
1.1268e+03,3.7750e-06
1.1270e+03,3.7540e-06
1.1272e+03,3.7610e-06
1.1274e+03,3.7620e-06
1.1276e+03,3.7370e-06
1.1278e+03,3.7340e-06
1.1280e+03,3.7600e-06
1.1282e+03,3.7840e-06
1.1284e+03,3.7770e-06
1.1286e+03,3.7900e-06
1.1288e+03,3.8030e-06
1.1290e+03,3.7700e-06
1.1292e+03,3.7710e-06
1.1294e+03,3.7850e-06
1.1296e+03,3.7770e-06
1.1298e+03,3.7630e-06
1.1300e+03,3.7810e-06
1.1302e+03,3.7990e-06
1.1304e+03,3.7790e-06
1.1306e+03,3.7580e-06
1.1308e+03,3.7810e-06
1.1310e+03,3.8050e-06
1.1312e+03,3.8030e-06
1.1314e+03,3.7860e-06
1.1316e+03,3.7950e-06
1.1318e+03,3.7880e-06
1.1320e+03,3.7630e-06
1.1322e+03,3.7730e-06
1.1324e+03,3.7810e-06
1.1326e+03,3.7750e-06
1.1328e+03,3.7480e-06
1.1330e+03,3.7520e-06
1.1332e+03,3.7420e-06
1.1334e+03,3.7330e-06
1.1336e+03,3.7360e-06
1.1338e+03,3.7120e-06
1.1340e+03,3.7150e-06
1.1342e+03,3.6780e-06
1.1344e+03,3.6760e-06
1.1346e+03,3.6550e-06
1.1348e+03,3.6420e-06
1.1350e+03,3.6500e-06
1.1352e+03,3.7040e-06
1.1354e+03,3.7210e-06
1.1356e+03,3.7060e-06
1.1358e+03,3.7160e-06
1.1360e+03,3.7120e-06
1.1362e+03,3.6840e-06
1.1364e+03,3.6890e-06
1.1366e+03,3.7310e-06
1.1368e+03,3.7270e-06
1.1370e+03,3.7160e-06
1.1372e+03,3.7090e-06
1.1374e+03,3.6960e-06
1.1376e+03,3.7200e-06
1.1378e+03,3.7390e-06
1.1380e+03,3.7350e-06
1.1382e+03,3.7490e-06
1.1384e+03,3.7390e-06
1.1386e+03,3.7620e-06
1.1388e+03,3.7480e-06
1.1390e+03,3.7610e-06
1.1392e+03,3.7460e-06
1.1394e+03,3.7290e-06
1.1396e+03,3.7820e-06
1.1398e+03,3.7460e-06
1.1400e+03,3.7350e-06
1.1402e+03,3.7460e-06
1.1404e+03,3.7440e-06
1.1406e+03,3.7170e-06
1.1408e+03,3.7010e-06
1.1410e+03,3.7210e-06
1.1412e+03,3.7240e-06
1.1414e+03,3.7020e-06
1.1416e+03,3.6950e-06
1.1418e+03,3.6950e-06
1.1420e+03,3.6910e-06
1.1422e+03,3.6670e-06
1.1424e+03,3.6720e-06
1.1426e+03,3.6860e-06
1.1428e+03,3.6920e-06
1.1430e+03,3.6740e-06
1.1432e+03,3.6780e-06
1.1434e+03,3.6840e-06
1.1436e+03,3.6790e-06
1.1438e+03,3.6750e-06
1.1440e+03,3.6760e-06
1.1442e+03,3.6710e-06
1.1444e+03,3.6470e-06
1.1446e+03,3.6600e-06
1.1448e+03,3.6840e-06
1.1450e+03,3.6600e-06
1.1452e+03,3.6550e-06
1.1454e+03,3.6750e-06
1.1456e+03,3.6860e-06
1.1458e+03,3.6610e-06
1.1460e+03,3.6810e-06
1.1462e+03,3.7200e-06
1.1464e+03,3.7280e-06
1.1466e+03,3.7280e-06
1.1468e+03,3.7490e-06
1.1470e+03,3.7600e-06
1.1472e+03,3.7500e-06
1.1474e+03,3.7520e-06
1.1476e+03,3.7720e-06
1.1478e+03,3.7830e-06
1.1480e+03,3.7580e-06
1.1482e+03,3.7410e-06
1.1484e+03,3.7470e-06
1.1486e+03,3.7250e-06
1.1488e+03,3.6850e-06
1.1490e+03,3.7070e-06
1.1492e+03,3.7090e-06
1.1494e+03,3.6990e-06
1.1496e+03,3.6960e-06
1.1498e+03,3.7100e-06
1.1500e+03,3.7160e-06
