IstTemp[K]=293.00

 800.000,5.971E-06
 800.350,5.983E-06
 800.700,5.983E-06
 801.050,5.981E-06
 801.400,5.967E-06
 801.750,5.964E-06
 802.100,5.955E-06
 802.450,5.941E-06
 802.800,5.950E-06
 803.150,5.972E-06
 803.500,5.961E-06
 803.850,5.968E-06
 804.200,5.970E-06
 804.550,5.961E-06
 804.900,5.942E-06
 805.250,5.935E-06
 805.600,5.923E-06
 805.950,5.914E-06
 806.300,5.931E-06
 806.650,5.962E-06
 807.000,5.991E-06
 807.350,5.989E-06
 807.700,5.977E-06
 808.050,5.968E-06
 808.400,5.970E-06
 808.750,5.959E-06
 809.100,5.997E-06
 809.450,6.030E-06
 809.800,6.040E-06
 810.150,6.073E-06
 810.500,6.076E-06
 810.850,6.066E-06
 811.200,6.045E-06
 811.550,6.026E-06
 811.900,6.019E-06
 812.250,6.031E-06
 812.600,6.029E-06
 812.950,6.052E-06
 813.300,6.074E-06
 813.650,6.083E-06
 814.000,6.079E-06
 814.350,6.093E-06
 814.700,6.088E-06
 815.050,6.081E-06
 815.400,6.062E-06
 815.750,6.039E-06
 816.100,6.034E-06
 816.450,6.032E-06
 816.800,6.027E-06
 817.150,6.027E-06
 817.500,6.053E-06
 817.850,6.055E-06
 818.200,6.067E-06
 818.550,6.060E-06
 818.900,6.055E-06
 819.250,6.063E-06
 819.600,6.077E-06
 819.950,6.070E-06
 820.300,6.065E-06
 820.650,6.067E-06
 821.000,6.056E-06
 821.350,6.072E-06
 821.700,6.079E-06
 822.050,6.074E-06
 822.400,6.097E-06
 822.750,6.095E-06
 823.100,6.085E-06
 823.450,6.111E-06
 823.800,6.106E-06
 824.150,6.094E-06
 824.500,6.092E-06
 824.850,6.069E-06
 825.200,6.071E-06
 825.550,6.089E-06
 825.900,6.105E-06
 826.250,6.137E-06
 826.600,6.150E-06
 826.950,6.145E-06
 827.300,6.165E-06
 827.650,6.176E-06
 828.000,6.187E-06
 828.350,6.173E-06
 828.700,6.159E-06
 829.050,6.145E-06
 829.400,6.133E-06
 829.750,6.139E-06
 830.100,6.134E-06
 830.450,6.160E-06
 830.800,6.183E-06
 831.150,6.204E-06
 831.500,6.230E-06
 831.850,6.208E-06
 832.200,6.183E-06
 832.550,6.169E-06
 832.900,6.123E-06
 833.250,6.115E-06
 833.600,6.121E-06
 833.950,6.112E-06
 834.300,6.145E-06
 834.650,6.183E-06
 835.000,6.214E-06
 835.350,6.241E-06
 835.700,6.280E-06
 836.050,6.315E-06
 836.400,6.361E-06
 836.750,6.379E-06
 837.100,6.332E-06
 837.450,6.301E-06
 837.800,6.280E-06
 838.150,6.251E-06
 838.500,6.249E-06
 838.850,6.266E-06
 839.200,6.264E-06
 839.550,6.254E-06
 839.900,6.252E-06
 840.250,6.246E-06
 840.600,6.233E-06
 840.950,6.229E-06
 841.300,6.217E-06
 841.650,6.225E-06
 842.000,6.238E-06
 842.350,6.250E-06
 842.700,6.273E-06
 843.050,6.310E-06
 843.400,6.316E-06
 843.750,6.314E-06
 844.100,6.312E-06
 844.450,6.297E-06
 844.800,6.322E-06
 845.150,6.318E-06
 845.500,6.310E-06
 845.850,6.304E-06
 846.200,6.291E-06
 846.550,6.316E-06
 846.900,6.328E-06
 847.250,6.324E-06
 847.600,6.304E-06
 847.950,6.289E-06
 848.300,6.277E-06
 848.650,6.268E-06
 849.000,6.272E-06
 849.350,6.254E-06
 849.700,6.272E-06
 850.050,6.270E-06
 850.400,6.274E-06
 850.750,6.262E-06
 851.100,6.272E-06
 851.450,6.265E-06
 851.800,6.253E-06
 852.150,6.271E-06
 852.500,6.269E-06
 852.850,6.298E-06
 853.200,6.326E-06
 853.550,6.351E-06
 853.900,6.376E-06
 854.250,6.381E-06
 854.600,6.385E-06
 854.950,6.393E-06
 855.300,6.414E-06
 855.650,6.431E-06
 856.000,6.431E-06
 856.350,6.448E-06
 856.700,6.435E-06
 857.050,6.457E-06
 857.400,6.489E-06
 857.750,6.499E-06
 858.100,6.527E-06
 858.450,6.514E-06
 858.800,6.493E-06
 859.150,6.490E-06
 859.500,6.480E-06
 859.850,6.475E-06
 860.200,6.479E-06
 860.550,6.490E-06
 860.900,6.496E-06
 861.250,6.500E-06
 861.600,6.513E-06
 861.950,6.528E-06
 862.300,6.539E-06
 862.650,6.546E-06
 863.000,6.554E-06
 863.350,6.558E-06
 863.700,6.556E-06
 864.050,6.562E-06
 864.400,6.553E-06
 864.750,6.549E-06
 865.100,6.550E-06
 865.450,6.559E-06
 865.800,6.568E-06
 866.150,6.569E-06
 866.500,6.552E-06
 866.850,6.536E-06
 867.200,6.528E-06
 867.550,6.517E-06
 867.900,6.516E-06
 868.250,6.536E-06
 868.600,6.540E-06
 868.950,6.558E-06
 869.300,6.571E-06
 869.650,6.559E-06
 870.000,6.561E-06
 870.350,6.578E-06
 870.700,6.627E-06
 871.050,6.640E-06
 871.400,6.657E-06
 871.750,6.661E-06
 872.100,6.677E-06
 872.450,6.687E-06
 872.800,6.687E-06
 873.150,6.667E-06
 873.500,6.676E-06
 873.850,6.682E-06
 874.200,6.695E-06
 874.550,6.729E-06
 874.900,6.742E-06
 875.250,6.779E-06
 875.600,6.818E-06
 875.950,6.850E-06
 876.300,6.883E-06
 876.650,6.906E-06
 877.000,6.905E-06
 877.350,6.892E-06
 877.700,6.888E-06
 878.050,6.842E-06
 878.400,6.804E-06
 878.750,6.770E-06
 879.100,6.742E-06
 879.450,6.750E-06
 879.800,6.770E-06
 880.150,6.775E-06
 880.500,6.813E-06
 880.850,6.850E-06
 881.200,6.886E-06
 881.550,6.908E-06
 881.900,6.924E-06
 882.250,6.910E-06
 882.600,6.887E-06
 882.950,6.825E-06
 883.300,6.777E-06
 883.650,6.758E-06
 884.000,6.741E-06
 884.350,6.736E-06
 884.700,6.767E-06
 885.050,6.795E-06
 885.400,6.818E-06
 885.750,6.830E-06
 886.100,6.846E-06
 886.450,6.849E-06
 886.800,6.849E-06
 887.150,6.855E-06
 887.500,6.856E-06
 887.850,6.862E-06
 888.200,6.841E-06
 888.550,6.845E-06
 888.900,6.860E-06
 889.250,6.866E-06
 889.600,6.886E-06
 889.950,6.915E-06
 890.300,6.928E-06
 890.650,6.917E-06
 891.000,6.895E-06
 891.350,6.867E-06
 891.700,6.864E-06
 892.050,6.872E-06
 892.400,6.879E-06
 892.750,6.907E-06
 893.100,6.923E-06
 893.450,6.928E-06
 893.800,6.925E-06
 894.150,6.900E-06
 894.500,6.854E-06
 894.850,6.835E-06
 895.200,6.846E-06
 895.550,6.881E-06
 895.900,6.922E-06
 896.250,6.942E-06
 896.600,6.947E-06
 896.950,6.947E-06
 897.300,6.919E-06
 897.650,6.881E-06
 898.000,6.879E-06
 898.350,6.881E-06
 898.700,6.889E-06
 899.050,6.889E-06
 899.400,6.886E-06
 899.750,6.870E-06
 900.100,6.870E-06
 900.450,6.864E-06
 900.800,6.853E-06
 901.150,6.868E-06
 901.500,6.859E-06
 901.850,6.833E-06
 902.200,6.817E-06
 902.550,6.804E-06
 902.900,6.821E-06
 903.250,6.837E-06
 903.600,6.826E-06
 903.950,6.797E-06
 904.300,6.767E-06
 904.650,6.744E-06
 905.000,6.729E-06
 905.350,6.723E-06
 905.700,6.722E-06
 906.050,6.720E-06
 906.400,6.753E-06
 906.750,6.785E-06
 907.100,6.839E-06
 907.450,6.874E-06
 907.800,6.889E-06
 908.150,6.902E-06
 908.500,6.877E-06
 908.850,6.859E-06
 909.200,6.864E-06
 909.550,6.860E-06
 909.900,6.862E-06
 910.250,6.886E-06
 910.600,6.912E-06
 910.950,6.915E-06
 911.300,6.918E-06
 911.650,6.902E-06
 912.000,6.884E-06
 912.350,6.887E-06
 912.700,6.869E-06
 913.050,6.864E-06
 913.400,6.882E-06
 913.750,6.886E-06
 914.100,6.888E-06
 914.450,6.899E-06
 914.800,6.878E-06
 915.150,6.875E-06
 915.500,6.872E-06
 915.850,6.847E-06
 916.200,6.820E-06
 916.550,6.790E-06
 916.900,6.770E-06
 917.250,6.765E-06
 917.600,6.755E-06
 917.950,6.735E-06
 918.300,6.742E-06
 918.650,6.764E-06
 919.000,6.776E-06
 919.350,6.789E-06
 919.700,6.776E-06
 920.050,6.759E-06
 920.400,6.742E-06
 920.750,6.734E-06
 921.100,6.739E-06
 921.450,6.751E-06
 921.800,6.778E-06
 922.150,6.803E-06
 922.500,6.834E-06
 922.850,6.869E-06
 923.200,6.865E-06
 923.550,6.881E-06
 923.900,6.891E-06
 924.250,6.893E-06
 924.600,6.913E-06
 924.950,6.919E-06
 925.300,6.914E-06
 925.650,6.921E-06
 926.000,6.923E-06
 926.350,6.930E-06
 926.700,6.960E-06
 927.050,6.966E-06
 927.400,6.986E-06
 927.750,7.015E-06
 928.100,6.995E-06
 928.450,6.987E-06
 928.800,6.986E-06
 929.150,6.973E-06
 929.500,6.993E-06
 929.850,7.031E-06
 930.200,7.045E-06
 930.550,7.060E-06
 930.900,7.070E-06
 931.250,7.050E-06
 931.600,7.036E-06
 931.950,7.056E-06
 932.300,7.047E-06
 932.650,7.064E-06
 933.000,7.053E-06
 933.350,7.015E-06
 933.700,7.038E-06
 934.050,7.006E-06
 934.400,6.990E-06
 934.750,7.035E-06
 935.100,7.065E-06
 935.450,7.095E-06
 935.800,7.126E-06
 936.150,7.095E-06
 936.500,7.076E-06
 936.850,7.070E-06
 937.200,7.024E-06
 937.550,6.997E-06
 937.900,6.945E-06
 938.250,6.893E-06
 938.600,6.890E-06
 938.950,6.916E-06
 939.300,6.955E-06
 939.650,7.011E-06
 940.000,7.048E-06
 940.350,7.085E-06
 940.700,7.101E-06
 941.050,7.114E-06
 941.400,7.088E-06
 941.750,7.082E-06
 942.100,7.043E-06
 942.450,7.005E-06
 942.800,6.967E-06
 943.150,6.967E-06
 943.500,6.970E-06
 943.850,7.015E-06
 944.200,7.050E-06
 944.550,7.056E-06
 944.900,7.086E-06
 945.250,7.101E-06
 945.600,7.102E-06
 945.950,7.107E-06
 946.300,7.129E-06
 946.650,7.129E-06
 947.000,7.134E-06
 947.350,7.087E-06
 947.700,7.059E-06
 948.050,7.048E-06
 948.400,7.061E-06
 948.750,7.087E-06
 949.100,7.128E-06
 949.450,7.124E-06
 949.800,7.132E-06
 950.150,7.127E-06
 950.500,7.154E-06
 950.850,7.157E-06
 951.200,7.175E-06
 951.550,7.157E-06
 951.900,7.151E-06
 952.250,7.165E-06
 952.600,7.162E-06
 952.950,7.181E-06
 953.300,7.200E-06
 953.650,7.212E-06
 954.000,7.250E-06
 954.350,7.263E-06
 954.700,7.264E-06
 955.050,7.251E-06
 955.400,7.235E-06
 955.750,7.216E-06
 956.100,7.210E-06
 956.450,7.208E-06
 956.800,7.202E-06
 957.150,7.230E-06
 957.500,7.261E-06
 957.850,7.275E-06
 958.200,7.293E-06
 958.550,7.299E-06
 958.900,7.309E-06
 959.250,7.311E-06
 959.600,7.293E-06
 959.950,7.249E-06
 960.300,7.221E-06
 960.650,7.191E-06
 961.000,7.179E-06
 961.350,7.197E-06
 961.700,7.205E-06
 962.050,7.219E-06
 962.400,7.249E-06
 962.750,7.271E-06
 963.100,7.309E-06
 963.450,7.324E-06
 963.800,7.310E-06
 964.150,7.302E-06
 964.500,7.316E-06
 964.850,7.340E-06
 965.200,7.348E-06
 965.550,7.350E-06
 965.900,7.328E-06
 966.250,7.326E-06
 966.600,7.318E-06
 966.950,7.316E-06
 967.300,7.325E-06
 967.650,7.337E-06
 968.000,7.333E-06
 968.350,7.354E-06
 968.700,7.360E-06
 969.050,7.342E-06
 969.400,7.349E-06
 969.750,7.354E-06
 970.100,7.365E-06
 970.450,7.376E-06
 970.800,7.386E-06
 971.150,7.376E-06
 971.500,7.381E-06
 971.850,7.387E-06
 972.200,7.371E-06
 972.550,7.385E-06
 972.900,7.362E-06
 973.250,7.361E-06
 973.600,7.384E-06
 973.950,7.360E-06
 974.300,7.364E-06
 974.650,7.346E-06
 975.000,7.341E-06
 975.350,7.353E-06
 975.700,7.327E-06
 976.050,7.294E-06
 976.400,7.249E-06
 976.750,7.242E-06
 977.100,7.267E-06
 977.450,7.297E-06
 977.800,7.321E-06
 978.150,7.295E-06
 978.500,7.304E-06
 978.850,7.319E-06
 979.200,7.344E-06
 979.550,7.389E-06
 979.900,7.397E-06
 980.250,7.389E-06
 980.600,7.394E-06
 980.950,7.353E-06
 981.300,7.325E-06
 981.650,7.323E-06
 982.000,7.316E-06
 982.350,7.338E-06
 982.700,7.384E-06
 983.050,7.396E-06
 983.400,7.400E-06
 983.750,7.416E-06
 984.100,7.409E-06
 984.450,7.397E-06
 984.800,7.427E-06
 985.150,7.455E-06
 985.500,7.453E-06
 985.850,7.489E-06
 986.200,7.484E-06
 986.550,7.458E-06
 986.900,7.456E-06
 987.250,7.431E-06
 987.600,7.418E-06
 987.950,7.447E-06
 988.300,7.479E-06
 988.650,7.507E-06
 989.000,7.548E-06
 989.350,7.565E-06
 989.700,7.560E-06
 990.050,7.567E-06
 990.400,7.551E-06
 990.750,7.539E-06
 991.100,7.516E-06
 991.450,7.470E-06
 991.800,7.453E-06
 992.150,7.448E-06
 992.500,7.428E-06
 992.850,7.444E-06
 993.200,7.437E-06
 993.550,7.462E-06
 993.900,7.499E-06
 994.250,7.522E-06
 994.600,7.523E-06
 994.950,7.545E-06
 995.300,7.545E-06
 995.650,7.531E-06
 996.000,7.545E-06
 996.350,7.543E-06
 996.700,7.541E-06
 997.050,7.565E-06
 997.400,7.567E-06
 997.750,7.553E-06
 998.100,7.536E-06
 998.450,7.482E-06
 998.800,7.440E-06
 999.150,7.421E-06
 999.500,7.401E-06
 999.850,7.405E-06
1000.200,7.458E-06
1000.550,7.497E-06
1000.900,7.525E-06
1001.250,7.562E-06
1001.600,7.554E-06
1001.950,7.573E-06
1002.300,7.583E-06
1002.650,7.547E-06
1003.000,7.509E-06
1003.350,7.472E-06
1003.700,7.431E-06
1004.050,7.389E-06
1004.400,7.334E-06
1004.750,7.323E-06
1005.100,7.350E-06
1005.450,7.396E-06
1005.800,7.439E-06
1006.150,7.519E-06
1006.500,7.570E-06
1006.850,7.606E-06
1007.200,7.652E-06
1007.550,7.636E-06
1007.900,7.600E-06
1008.250,7.563E-06
1008.600,7.542E-06
1008.950,7.486E-06
1009.300,7.478E-06
1009.650,7.447E-06
1010.000,7.453E-06
1010.350,7.492E-06
1010.700,7.522E-06
1011.050,7.581E-06
1011.400,7.627E-06
1011.750,7.652E-06
1012.100,7.681E-06
1012.450,7.687E-06
1012.800,7.656E-06
1013.150,7.654E-06
1013.500,7.645E-06
1013.850,7.623E-06
1014.200,7.619E-06
1014.550,7.624E-06
1014.900,7.628E-06
1015.250,7.643E-06
1015.600,7.647E-06
1015.950,7.630E-06
1016.300,7.665E-06
1016.650,7.705E-06
1017.000,7.720E-06
1017.350,7.702E-06
1017.700,7.676E-06
1018.050,7.645E-06
1018.400,7.655E-06
1018.750,7.645E-06
1019.100,7.634E-06
1019.450,7.645E-06
1019.800,7.643E-06
1020.150,7.633E-06
1020.500,7.619E-06
1020.850,7.580E-06
1021.200,7.539E-06
1021.550,7.546E-06
1021.900,7.564E-06
1022.250,7.579E-06
1022.600,7.604E-06
1022.950,7.625E-06
1023.300,7.646E-06
1023.650,7.699E-06
1024.000,7.697E-06
1024.350,7.695E-06
1024.700,7.686E-06
1025.050,7.656E-06
1025.400,7.645E-06
1025.750,7.627E-06
1026.100,7.584E-06
1026.450,7.570E-06
1026.800,7.577E-06
1027.150,7.586E-06
1027.500,7.624E-06
1027.850,7.645E-06
1028.200,7.639E-06
1028.550,7.658E-06
1028.900,7.660E-06
1029.250,7.636E-06
1029.600,7.608E-06
1029.950,7.592E-06
1030.300,7.576E-06
1030.650,7.593E-06
1031.000,7.633E-06
1031.350,7.672E-06
1031.700,7.718E-06
1032.050,7.757E-06
1032.400,7.734E-06
1032.750,7.753E-06
1033.100,7.754E-06
1033.450,7.767E-06
1033.800,7.761E-06
1034.150,7.746E-06
1034.500,7.723E-06
1034.850,7.724E-06
1035.200,7.701E-06
1035.550,7.681E-06
1035.900,7.692E-06
1036.250,7.672E-06
1036.600,7.660E-06
1036.950,7.681E-06
1037.300,7.688E-06
1037.650,7.744E-06
1038.000,7.785E-06
1038.350,7.785E-06
1038.700,7.776E-06
1039.050,7.790E-06
1039.400,7.784E-06
1039.750,7.794E-06
1040.100,7.778E-06
1040.450,7.758E-06
1040.800,7.732E-06
1041.150,7.711E-06
1041.500,7.717E-06
1041.850,7.754E-06
1042.200,7.783E-06
1042.550,7.804E-06
1042.900,7.784E-06
1043.250,7.766E-06
1043.600,7.771E-06
1043.950,7.784E-06
1044.300,7.797E-06
1044.650,7.802E-06
1045.000,7.808E-06
1045.350,7.783E-06
1045.700,7.760E-06
1046.050,7.736E-06
1046.400,7.693E-06
1046.750,7.674E-06
1047.100,7.671E-06
1047.450,7.650E-06
1047.800,7.633E-06
1048.150,7.635E-06
1048.500,7.663E-06
1048.850,7.678E-06
1049.200,7.692E-06
1049.550,7.679E-06
1049.900,7.678E-06
1050.250,7.626E-06
1050.600,7.660E-06
1050.950,7.658E-06
1051.300,7.659E-06
1051.650,7.673E-06
1052.000,7.654E-06
1052.350,7.658E-06
1052.700,7.690E-06
1053.050,7.715E-06
1053.400,7.723E-06
1053.750,7.712E-06
1054.100,7.677E-06
1054.450,7.666E-06
1054.800,7.704E-06
1055.150,7.724E-06
1055.500,7.737E-06
1055.850,7.755E-06
1056.200,7.745E-06
1056.550,7.764E-06
1056.900,7.788E-06
1057.250,7.799E-06
1057.600,7.810E-06
1057.950,7.810E-06
1058.300,7.785E-06
1058.650,7.772E-06
1059.000,7.756E-06
1059.350,7.749E-06
1059.700,7.760E-06
1060.050,7.766E-06
1060.400,7.770E-06
1060.750,7.771E-06
1061.100,7.765E-06
1061.450,7.763E-06
1061.800,7.779E-06
1062.150,7.797E-06
1062.500,7.807E-06
1062.850,7.798E-06
1063.200,7.774E-06
1063.550,7.804E-06
1063.900,7.804E-06
1064.250,7.782E-06
1064.600,7.822E-06
1064.950,7.820E-06
1065.300,7.837E-06
1065.650,7.874E-06
1066.000,7.855E-06
1066.350,7.816E-06
1066.700,7.817E-06
1067.050,7.820E-06
1067.400,7.837E-06
1067.750,7.832E-06
1068.100,7.818E-06
1068.450,7.799E-06
1068.800,7.824E-06
1069.150,7.832E-06
1069.500,7.815E-06
1069.850,7.790E-06
1070.200,7.736E-06
1070.550,7.724E-06
1070.900,7.718E-06
1071.250,7.691E-06
1071.600,7.684E-06
1071.950,7.728E-06
1072.300,7.728E-06
1072.650,7.753E-06
1073.000,7.786E-06
1073.350,7.770E-06
1073.700,7.779E-06
1074.050,7.786E-06
1074.400,7.767E-06
1074.750,7.761E-06
1075.100,7.732E-06
1075.450,7.690E-06
1075.800,7.719E-06
1076.150,7.736E-06
1076.500,7.751E-06
1076.850,7.791E-06
1077.200,7.811E-06
1077.550,7.792E-06
1077.900,7.793E-06
1078.250,7.795E-06
1078.600,7.788E-06
1078.950,7.810E-06
1079.300,7.792E-06
1079.650,7.776E-06
1080.000,7.730E-06
1080.350,7.685E-06
1080.700,7.653E-06
1081.050,7.672E-06
1081.400,7.721E-06
1081.750,7.775E-06
1082.100,7.848E-06
1082.450,7.851E-06
1082.800,7.853E-06
1083.150,7.840E-06
1083.500,7.815E-06
1083.850,7.810E-06
1084.200,7.857E-06
1084.550,7.872E-06
1084.900,7.925E-06
1085.250,7.924E-06
1085.600,7.893E-06
1085.950,7.851E-06
1086.300,7.851E-06
1086.650,7.830E-06
1087.000,7.851E-06
1087.350,7.848E-06
1087.700,7.824E-06
1088.050,7.842E-06
1088.400,7.834E-06
1088.750,7.829E-06
1089.100,7.827E-06
1089.450,7.842E-06
1089.800,7.826E-06
1090.150,7.854E-06
1090.500,7.874E-06
1090.850,7.923E-06
1091.200,7.984E-06
1091.550,8.022E-06
1091.900,8.023E-06
1092.250,8.012E-06
1092.600,8.012E-06
1092.950,7.988E-06
1093.300,7.972E-06
1093.650,7.933E-06
1094.000,7.912E-06
1094.350,7.891E-06
1094.700,7.874E-06
1095.050,7.880E-06
1095.400,7.872E-06
1095.750,7.872E-06
1096.100,7.879E-06
1096.450,7.918E-06
1096.800,7.941E-06
1097.150,7.982E-06
1097.500,7.978E-06
1097.850,7.967E-06
1098.200,7.974E-06
1098.550,7.935E-06
1098.900,7.919E-06
1099.250,7.905E-06
1099.600,7.880E-06
1099.950,7.829E-06
1100.300,7.852E-06
1100.650,7.879E-06
1101.000,7.921E-06
1101.350,7.975E-06
1101.700,7.981E-06
1102.050,7.989E-06
1102.400,7.986E-06
1102.750,7.945E-06
1103.100,7.934E-06
1103.450,7.903E-06
1103.800,7.861E-06
1104.150,7.855E-06
1104.500,7.859E-06
1104.850,7.822E-06
1105.200,7.807E-06
1105.550,7.816E-06
1105.900,7.783E-06
1106.250,7.848E-06
1106.600,7.917E-06
1106.950,7.941E-06
1107.300,7.981E-06
1107.650,7.998E-06
1108.000,7.988E-06
1108.350,8.006E-06
1108.700,7.990E-06
1109.050,7.964E-06
1109.400,7.986E-06
1109.750,8.010E-06
1110.100,7.985E-06
1110.450,7.931E-06
1110.800,7.899E-06
1111.150,7.849E-06
1111.500,7.864E-06
1111.850,7.879E-06
1112.200,7.904E-06
1112.550,7.925E-06
1112.900,7.973E-06
1113.250,7.991E-06
1113.600,8.042E-06
1113.950,8.050E-06
1114.300,8.091E-06
1114.650,8.113E-06
1115.000,8.152E-06
1115.350,8.177E-06
1115.700,8.181E-06
1116.050,8.137E-06
1116.400,8.051E-06
1116.750,7.983E-06
1117.100,7.915E-06
1117.450,7.917E-06
1117.800,7.894E-06
1118.150,7.902E-06
1118.500,7.891E-06
1118.850,7.911E-06
1119.200,7.911E-06
1119.550,7.947E-06
1119.900,7.977E-06
1120.250,8.016E-06
1120.600,8.070E-06
1120.950,8.082E-06
1121.300,8.043E-06
1121.650,8.017E-06
1122.000,7.973E-06
1122.350,7.910E-06
1122.700,7.923E-06
1123.050,7.912E-06
1123.400,7.873E-06
1123.750,7.862E-06
1124.100,7.920E-06
1124.450,7.955E-06
1124.800,7.964E-06
1125.150,7.823E-06
1125.500,7.820E-06
1125.850,7.807E-06
1126.200,7.896E-06
1126.550,7.955E-06
1126.900,7.962E-06
1127.250,7.994E-06
1127.600,7.995E-06
1127.950,8.037E-06
1128.300,8.024E-06
1128.650,8.077E-06
1129.000,8.074E-06
1129.350,8.059E-06
1129.700,8.065E-06
1130.050,8.083E-06
1130.400,8.075E-06
1130.750,8.057E-06
1131.100,8.066E-06
1131.450,7.969E-06
1131.800,7.988E-06
1132.150,7.979E-06
1132.500,7.973E-06
1132.850,7.975E-06
1133.200,8.004E-06
1133.550,7.977E-06
1133.900,7.995E-06
1134.250,7.957E-06
1134.600,7.886E-06
1134.950,7.903E-06
1135.300,7.963E-06
1135.650,7.989E-06
1136.000,7.987E-06
1136.350,7.987E-06
1136.700,8.001E-06
1137.050,8.028E-06
1137.400,7.996E-06
1137.750,7.998E-06
1138.100,7.994E-06
1138.450,7.963E-06
1138.800,7.949E-06
1139.150,7.953E-06
1139.500,7.944E-06
1139.850,7.948E-06
1140.200,7.998E-06
1140.550,8.016E-06
1140.900,8.061E-06
1141.250,8.110E-06
1141.600,8.140E-06
1141.950,8.111E-06
1142.300,8.094E-06
1142.650,8.038E-06
1143.000,8.036E-06
1143.350,8.041E-06
1143.700,8.031E-06
1144.050,8.018E-06
1144.400,8.041E-06
1144.750,8.054E-06
1145.100,8.100E-06
1145.450,8.109E-06
1145.800,8.127E-06
1146.150,8.134E-06
1146.500,8.144E-06
1146.850,8.172E-06
1147.200,8.255E-06
1147.550,8.370E-06
1147.900,8.421E-06
1148.250,8.441E-06
1148.600,8.367E-06
1148.950,8.287E-06
1149.300,8.200E-06
1149.650,8.123E-06
1150.000,8.072E-06
