IstTemp[K]=293.00

 800.000,4.945E-06
 800.350,4.976E-06
 800.700,4.993E-06
 801.050,4.986E-06
 801.400,4.972E-06
 801.750,4.972E-06
 802.100,4.981E-06
 802.450,4.972E-06
 802.800,5.013E-06
 803.150,5.030E-06
 803.500,5.031E-06
 803.850,5.043E-06
 804.200,5.050E-06
 804.550,5.072E-06
 804.900,5.065E-06
 805.250,5.053E-06
 805.600,5.053E-06
 805.950,5.046E-06
 806.300,5.067E-06
 806.650,5.106E-06
 807.000,5.134E-06
 807.350,5.134E-06
 807.700,5.123E-06
 808.050,5.108E-06
 808.400,5.123E-06
 808.750,5.118E-06
 809.100,5.127E-06
 809.450,5.156E-06
 809.800,5.151E-06
 810.150,5.196E-06
 810.500,5.204E-06
 810.850,5.194E-06
 811.200,5.168E-06
 811.550,5.151E-06
 811.900,5.125E-06
 812.250,5.116E-06
 812.600,5.111E-06
 812.950,5.128E-06
 813.300,5.170E-06
 813.650,5.187E-06
 814.000,5.191E-06
 814.350,5.194E-06
 814.700,5.184E-06
 815.050,5.163E-06
 815.400,5.165E-06
 815.750,5.168E-06
 816.100,5.156E-06
 816.450,5.163E-06
 816.800,5.186E-06
 817.150,5.198E-06
 817.500,5.203E-06
 817.850,5.219E-06
 818.200,5.257E-06
 818.550,5.240E-06
 818.900,5.245E-06
 819.250,5.266E-06
 819.600,5.280E-06
 819.950,5.284E-06
 820.300,5.284E-06
 820.650,5.300E-06
 821.000,5.311E-06
 821.350,5.330E-06
 821.700,5.327E-06
 822.050,5.319E-06
 822.400,5.331E-06
 822.750,5.348E-06
 823.100,5.348E-06
 823.450,5.368E-06
 823.800,5.363E-06
 824.150,5.355E-06
 824.500,5.351E-06
 824.850,5.325E-06
 825.200,5.306E-06
 825.550,5.303E-06
 825.900,5.298E-06
 826.250,5.311E-06
 826.600,5.331E-06
 826.950,5.330E-06
 827.300,5.346E-06
 827.650,5.359E-06
 828.000,5.356E-06
 828.350,5.333E-06
 828.700,5.323E-06
 829.050,5.311E-06
 829.400,5.331E-06
 829.750,5.341E-06
 830.100,5.347E-06
 830.450,5.372E-06
 830.800,5.372E-06
 831.150,5.388E-06
 831.500,5.425E-06
 831.850,5.411E-06
 832.200,5.416E-06
 832.550,5.393E-06
 832.900,5.383E-06
 833.250,5.388E-06
 833.600,5.387E-06
 833.950,5.379E-06
 834.300,5.423E-06
 834.650,5.483E-06
 835.000,5.516E-06
 835.350,5.533E-06
 835.700,5.574E-06
 836.050,5.644E-06
 836.400,5.705E-06
 836.750,5.730E-06
 837.100,5.685E-06
 837.450,5.632E-06
 837.800,5.600E-06
 838.150,5.555E-06
 838.500,5.580E-06
 838.850,5.592E-06
 839.200,5.589E-06
 839.550,5.585E-06
 839.900,5.566E-06
 840.250,5.531E-06
 840.600,5.518E-06
 840.950,5.508E-06
 841.300,5.510E-06
 841.650,5.504E-06
 842.000,5.479E-06
 842.350,5.482E-06
 842.700,5.514E-06
 843.050,5.544E-06
 843.400,5.538E-06
 843.750,5.533E-06
 844.100,5.527E-06
 844.450,5.517E-06
 844.800,5.573E-06
 845.150,5.581E-06
 845.500,5.585E-06
 845.850,5.588E-06
 846.200,5.581E-06
 846.550,5.609E-06
 846.900,5.607E-06
 847.250,5.596E-06
 847.600,5.580E-06
 847.950,5.580E-06
 848.300,5.593E-06
 848.650,5.603E-06
 849.000,5.622E-06
 849.350,5.653E-06
 849.700,5.678E-06
 850.050,5.689E-06
 850.400,5.694E-06
 850.750,5.679E-06
 851.100,5.677E-06
 851.450,5.669E-06
 851.800,5.665E-06
 852.150,5.725E-06
 852.500,5.722E-06
 852.850,5.740E-06
 853.200,5.750E-06
 853.550,5.762E-06
 853.900,5.781E-06
 854.250,5.779E-06
 854.600,5.773E-06
 854.950,5.775E-06
 855.300,5.787E-06
 855.650,5.774E-06
 856.000,5.766E-06
 856.350,5.758E-06
 856.700,5.758E-06
 857.050,5.780E-06
 857.400,5.780E-06
 857.750,5.761E-06
 858.100,5.774E-06
 858.450,5.744E-06
 858.800,5.740E-06
 859.150,5.766E-06
 859.500,5.764E-06
 859.850,5.762E-06
 860.200,5.764E-06
 860.550,5.762E-06
 860.900,5.773E-06
 861.250,5.806E-06
 861.600,5.819E-06
 861.950,5.822E-06
 862.300,5.846E-06
 862.650,5.831E-06
 863.000,5.844E-06
 863.350,5.871E-06
 863.700,5.869E-06
 864.050,5.878E-06
 864.400,5.885E-06
 864.750,5.892E-06
 865.100,5.941E-06
 865.450,5.967E-06
 865.800,5.990E-06
 866.150,5.990E-06
 866.500,5.959E-06
 866.850,5.933E-06
 867.200,5.969E-06
 867.550,5.960E-06
 867.900,5.962E-06
 868.250,5.969E-06
 868.600,5.985E-06
 868.950,5.985E-06
 869.300,6.010E-06
 869.650,5.965E-06
 870.000,5.983E-06
 870.350,5.995E-06
 870.700,6.004E-06
 871.050,6.018E-06
 871.400,6.039E-06
 871.750,6.012E-06
 872.100,6.023E-06
 872.450,6.007E-06
 872.800,6.021E-06
 873.150,5.988E-06
 873.500,5.951E-06
 873.850,5.939E-06
 874.200,5.946E-06
 874.550,5.976E-06
 874.900,6.009E-06
 875.250,6.030E-06
 875.600,6.041E-06
 875.950,6.046E-06
 876.300,6.069E-06
 876.650,6.100E-06
 877.000,6.106E-06
 877.350,6.087E-06
 877.700,6.065E-06
 878.050,6.017E-06
 878.400,5.980E-06
 878.750,5.958E-06
 879.100,5.930E-06
 879.450,5.939E-06
 879.800,5.967E-06
 880.150,5.997E-06
 880.500,6.030E-06
 880.850,6.066E-06
 881.200,6.111E-06
 881.550,6.163E-06
 881.900,6.182E-06
 882.250,6.167E-06
 882.600,6.114E-06
 882.950,6.053E-06
 883.300,6.018E-06
 883.650,5.994E-06
 884.000,5.974E-06
 884.350,5.954E-06
 884.700,5.970E-06
 885.050,5.979E-06
 885.400,5.993E-06
 885.750,6.027E-06
 886.100,6.029E-06
 886.450,6.018E-06
 886.800,5.985E-06
 887.150,5.929E-06
 887.500,5.930E-06
 887.850,5.900E-06
 888.200,5.827E-06
 888.550,5.803E-06
 888.900,5.791E-06
 889.250,5.784E-06
 889.600,5.781E-06
 889.950,5.800E-06
 890.300,5.782E-06
 890.650,5.744E-06
 891.000,5.688E-06
 891.350,5.634E-06
 891.700,5.629E-06
 892.050,5.578E-06
 892.400,5.553E-06
 892.750,5.553E-06
 893.100,5.520E-06
 893.450,5.510E-06
 893.800,5.510E-06
 894.150,5.492E-06
 894.500,5.476E-06
 894.850,5.433E-06
 895.200,5.418E-06
 895.550,5.408E-06
 895.900,5.456E-06
 896.250,5.454E-06
 896.600,5.444E-06
 896.950,5.416E-06
 897.300,5.405E-06
 897.650,5.390E-06
 898.000,5.365E-06
 898.350,5.367E-06
 898.700,5.365E-06
 899.050,5.332E-06
 899.400,5.324E-06
 899.750,5.287E-06
 900.100,5.259E-06
 900.450,5.247E-06
 900.800,5.248E-06
 901.150,5.231E-06
 901.500,5.176E-06
 901.850,5.135E-06
 902.200,5.098E-06
 902.550,5.056E-06
 902.900,5.040E-06
 903.250,5.009E-06
 903.600,4.999E-06
 903.950,4.964E-06
 904.300,4.926E-06
 904.650,4.873E-06
 905.000,4.825E-06
 905.350,4.783E-06
 905.700,4.738E-06
 906.050,4.689E-06
 906.400,4.686E-06
 906.750,4.673E-06
 907.100,4.650E-06
 907.450,4.649E-06
 907.800,4.616E-06
 908.150,4.573E-06
 908.500,4.504E-06
 908.850,4.432E-06
 909.200,4.363E-06
 909.550,4.280E-06
 909.900,4.237E-06
 910.250,4.178E-06
 910.600,4.133E-06
 910.950,4.075E-06
 911.300,4.017E-06
 911.650,3.953E-06
 912.000,3.893E-06
 912.350,3.834E-06
 912.700,3.752E-06
 913.050,3.689E-06
 913.400,3.603E-06
 913.750,3.531E-06
 914.100,3.461E-06
 914.450,3.367E-06
 914.800,3.282E-06
 915.150,3.193E-06
 915.500,3.099E-06
 915.850,2.996E-06
 916.200,2.896E-06
 916.550,2.790E-06
 916.900,2.695E-06
 917.250,2.593E-06
 917.600,2.489E-06
 917.950,2.400E-06
 918.300,2.318E-06
 918.650,2.253E-06
 919.000,2.192E-06
 919.350,2.137E-06
 919.700,2.084E-06
 920.050,2.039E-06
 920.400,1.991E-06
 920.750,1.952E-06
 921.100,1.925E-06
 921.450,1.909E-06
 921.800,1.906E-06
 922.150,1.904E-06
 922.500,1.909E-06
 922.850,1.918E-06
 923.200,1.921E-06
 923.550,1.935E-06
 923.900,1.938E-06
 924.250,1.952E-06
 924.600,1.964E-06
 924.950,1.982E-06
 925.300,1.992E-06
 925.650,1.999E-06
 926.000,2.012E-06
 926.350,2.037E-06
 926.700,2.065E-06
 927.050,2.092E-06
 927.400,2.123E-06
 927.750,2.162E-06
 928.100,2.191E-06
 928.450,2.216E-06
 928.800,2.242E-06
 929.150,2.273E-06
 929.500,2.297E-06
 929.850,2.333E-06
 930.200,2.384E-06
 930.550,2.408E-06
 930.900,2.447E-06
 931.250,2.467E-06
 931.600,2.487E-06
 931.950,2.523E-06
 932.300,2.537E-06
 932.650,2.559E-06
 933.000,2.576E-06
 933.350,2.590E-06
 933.700,2.619E-06
 934.050,2.642E-06
 934.400,2.661E-06
 934.750,2.706E-06
 935.100,2.736E-06
 935.450,2.772E-06
 935.800,2.807E-06
 936.150,2.820E-06
 936.500,2.834E-06
 936.850,2.844E-06
 937.200,2.846E-06
 937.550,2.841E-06
 937.900,2.818E-06
 938.250,2.804E-06
 938.600,2.810E-06
 938.950,2.809E-06
 939.300,2.821E-06
 939.650,2.832E-06
 940.000,2.841E-06
 940.350,2.840E-06
 940.700,2.834E-06
 941.050,2.817E-06
 941.400,2.795E-06
 941.750,2.766E-06
 942.100,2.731E-06
 942.450,2.708E-06
 942.800,2.681E-06
 943.150,2.667E-06
 943.500,2.664E-06
 943.850,2.666E-06
 944.200,2.673E-06
 944.550,2.674E-06
 944.900,2.677E-06
 945.250,2.685E-06
 945.600,2.688E-06
 945.950,2.701E-06
 946.300,2.708E-06
 946.650,2.710E-06
 947.000,2.706E-06
 947.350,2.690E-06
 947.700,2.679E-06
 948.050,2.661E-06
 948.400,2.662E-06
 948.750,2.660E-06
 949.100,2.663E-06
 949.450,2.667E-06
 949.800,2.665E-06
 950.150,2.652E-06
 950.500,2.664E-06
 950.850,2.662E-06
 951.200,2.652E-06
 951.550,2.638E-06
 951.900,2.625E-06
 952.250,2.614E-06
 952.600,2.611E-06
 952.950,2.589E-06
 953.300,2.583E-06
 953.650,2.579E-06
 954.000,2.580E-06
 954.350,2.573E-06
 954.700,2.565E-06
 955.050,2.553E-06
 955.400,2.528E-06
 955.750,2.510E-06
 956.100,2.492E-06
 956.450,2.478E-06
 956.800,2.461E-06
 957.150,2.454E-06
 957.500,2.444E-06
 957.850,2.427E-06
 958.200,2.412E-06
 958.550,2.390E-06
 958.900,2.358E-06
 959.250,2.338E-06
 959.600,2.292E-06
 959.950,2.242E-06
 960.300,2.199E-06
 960.650,2.154E-06
 961.000,2.120E-06
 961.350,2.089E-06
 961.700,2.060E-06
 962.050,2.013E-06
 962.400,1.975E-06
 962.750,1.942E-06
 963.100,1.894E-06
 963.450,1.844E-06
 963.800,1.753E-06
 964.150,1.633E-06
 964.500,1.509E-06
 964.850,1.440E-06
 965.200,1.428E-06
 965.550,1.470E-06
 965.900,1.516E-06
 966.250,1.540E-06
 966.600,1.539E-06
 966.950,1.529E-06
 967.300,1.516E-06
 967.650,1.503E-06
 968.000,1.488E-06
 968.350,1.475E-06
 968.700,1.459E-06
 969.050,1.441E-06
 969.400,1.421E-06
 969.750,1.409E-06
 970.100,1.401E-06
 970.450,1.388E-06
 970.800,1.379E-06
 971.150,1.363E-06
 971.500,1.343E-06
 971.850,1.323E-06
 972.200,1.297E-06
 972.550,1.275E-06
 972.900,1.243E-06
 973.250,1.210E-06
 973.600,1.176E-06
 973.950,1.135E-06
 974.300,1.090E-06
 974.650,1.039E-06
 975.000,9.842E-07
 975.350,9.296E-07
 975.700,8.674E-07
 976.050,8.047E-07
 976.400,7.367E-07
 976.750,6.736E-07
 977.100,6.191E-07
 977.450,5.693E-07
 977.800,5.248E-07
 978.150,4.844E-07
 978.500,4.540E-07
 978.850,4.317E-07
 979.200,4.184E-07
 979.550,4.149E-07
 979.900,4.210E-07
 980.250,4.374E-07
 980.600,4.657E-07
 980.950,5.009E-07
 981.300,5.503E-07
 981.650,6.096E-07
 982.000,6.794E-07
 982.350,7.603E-07
 982.700,8.447E-07
 983.050,9.261E-07
 983.400,1.006E-06
 983.750,1.083E-06
 984.100,1.156E-06
 984.450,1.228E-06
 984.800,1.291E-06
 985.150,1.360E-06
 985.500,1.429E-06
 985.850,1.493E-06
 986.200,1.570E-06
 986.550,1.631E-06
 986.900,1.689E-06
 987.250,1.753E-06
 987.600,1.812E-06
 987.950,1.885E-06
 988.300,1.959E-06
 988.650,2.041E-06
 989.000,2.121E-06
 989.350,2.210E-06
 989.700,2.283E-06
 990.050,2.358E-06
 990.400,2.441E-06
 990.750,2.520E-06
 991.100,2.598E-06
 991.450,2.683E-06
 991.800,2.777E-06
 992.150,2.875E-06
 992.500,2.972E-06
 992.850,3.073E-06
 993.200,3.190E-06
 993.550,3.295E-06
 993.900,3.393E-06
 994.250,3.487E-06
 994.600,3.572E-06
 994.950,3.677E-06
 995.300,3.772E-06
 995.650,3.847E-06
 996.000,3.925E-06
 996.350,4.009E-06
 996.700,4.073E-06
 997.050,4.176E-06
 997.400,4.248E-06
 997.750,4.291E-06
 998.100,4.357E-06
 998.450,4.402E-06
 998.800,4.445E-06
 999.150,4.501E-06
 999.500,4.560E-06
 999.850,4.597E-06
1000.200,4.681E-06
1000.550,4.763E-06
1000.900,4.816E-06
1001.250,4.880E-06
1001.600,4.941E-06
1001.950,4.978E-06
1002.300,5.001E-06
1002.650,5.017E-06
1003.000,5.009E-06
1003.350,5.008E-06
1003.700,5.008E-06
1004.050,4.984E-06
1004.400,4.987E-06
1004.750,4.987E-06
1005.100,5.036E-06
1005.450,5.109E-06
1005.800,5.158E-06
1006.150,5.212E-06
1006.500,5.280E-06
1006.850,5.309E-06
1007.200,5.333E-06
1007.550,5.325E-06
1007.900,5.316E-06
1008.250,5.292E-06
1008.600,5.306E-06
1008.950,5.285E-06
1009.300,5.282E-06
1009.650,5.290E-06
1010.000,5.303E-06
1010.350,5.340E-06
1010.700,5.376E-06
1011.050,5.426E-06
1011.400,5.462E-06
1011.750,5.511E-06
1012.100,5.543E-06
1012.450,5.579E-06
1012.800,5.599E-06
1013.150,5.616E-06
1013.500,5.622E-06
1013.850,5.635E-06
1014.200,5.630E-06
1014.550,5.665E-06
1014.900,5.700E-06
1015.250,5.746E-06
1015.600,5.790E-06
1015.950,5.821E-06
1016.300,5.867E-06
1016.650,5.934E-06
1017.000,5.963E-06
1017.350,5.961E-06
1017.700,5.965E-06
1018.050,5.959E-06
1018.400,5.974E-06
1018.750,5.999E-06
1019.100,6.033E-06
1019.450,6.074E-06
1019.800,6.107E-06
1020.150,6.128E-06
1020.500,6.142E-06
1020.850,6.184E-06
1021.200,6.165E-06
1021.550,6.149E-06
1021.900,6.160E-06
1022.250,6.177E-06
1022.600,6.205E-06
1022.950,6.242E-06
1023.300,6.267E-06
1023.650,6.328E-06
1024.000,6.360E-06
1024.350,6.365E-06
1024.700,6.386E-06
1025.050,6.369E-06
1025.400,6.349E-06
1025.750,6.339E-06
1026.100,6.310E-06
1026.450,6.310E-06
1026.800,6.318E-06
1027.150,6.326E-06
1027.500,6.343E-06
1027.850,6.349E-06
1028.200,6.384E-06
1028.550,6.403E-06
1028.900,6.419E-06
1029.250,6.405E-06
1029.600,6.387E-06
1029.950,6.389E-06
1030.300,6.389E-06
1030.650,6.386E-06
1031.000,6.425E-06
1031.350,6.454E-06
1031.700,6.489E-06
1032.050,6.506E-06
1032.400,6.488E-06
1032.750,6.488E-06
1033.100,6.518E-06
1033.450,6.539E-06
1033.800,6.563E-06
1034.150,6.575E-06
1034.500,6.553E-06
1034.850,6.565E-06
1035.200,6.586E-06
1035.550,6.571E-06
1035.900,6.575E-06
1036.250,6.598E-06
1036.600,6.593E-06
1036.950,6.614E-06
1037.300,6.655E-06
1037.650,6.678E-06
1038.000,6.731E-06
1038.350,6.768E-06
1038.700,6.758E-06
1039.050,6.763E-06
1039.400,6.775E-06
1039.750,6.770E-06
1040.100,6.813E-06
1040.450,6.825E-06
1040.800,6.807E-06
1041.150,6.795E-06
1041.500,6.805E-06
1041.850,6.811E-06
1042.200,6.840E-06
1042.550,6.869E-06
1042.900,6.870E-06
1043.250,6.869E-06
1043.600,6.874E-06
1043.950,6.894E-06
1044.300,6.917E-06
1044.650,6.960E-06
1045.000,6.953E-06
1045.350,6.931E-06
1045.700,6.920E-06
1046.050,6.881E-06
1046.400,6.855E-06
1046.750,6.833E-06
1047.100,6.819E-06
1047.450,6.818E-06
1047.800,6.788E-06
1048.150,6.790E-06
1048.500,6.808E-06
1048.850,6.808E-06
1049.200,6.843E-06
1049.550,6.866E-06
1049.900,6.857E-06
1050.250,7.033E-06
1050.600,7.065E-06
1050.950,7.060E-06
1051.300,7.065E-06
1051.650,7.098E-06
1052.000,7.073E-06
1052.350,7.047E-06
1052.700,7.069E-06
1053.050,7.065E-06
1053.400,7.100E-06
1053.750,7.139E-06
1054.100,7.100E-06
1054.450,7.065E-06
1054.800,7.088E-06
1055.150,7.102E-06
1055.500,7.139E-06
1055.850,7.185E-06
1056.200,7.174E-06
1056.550,7.187E-06
1056.900,7.203E-06
1057.250,7.200E-06
1057.600,7.218E-06
1057.950,7.234E-06
1058.300,7.211E-06
1058.650,7.207E-06
1059.000,7.193E-06
1059.350,7.196E-06
1059.700,7.236E-06
1060.050,7.268E-06
1060.400,7.278E-06
1060.750,7.289E-06
1061.100,7.283E-06
1061.450,7.267E-06
1061.800,7.254E-06
1062.150,7.245E-06
1062.500,7.254E-06
1062.850,7.274E-06
1063.200,7.248E-06
1063.550,7.257E-06
1063.900,7.234E-06
1064.250,7.206E-06
1064.600,7.251E-06
1064.950,7.251E-06
1065.300,7.283E-06
1065.650,7.372E-06
1066.000,7.380E-06
1066.350,7.315E-06
1066.700,7.311E-06
1067.050,7.328E-06
1067.400,7.319E-06
1067.750,7.339E-06
1068.100,7.339E-06
1068.450,7.293E-06
1068.800,7.323E-06
1069.150,7.349E-06
1069.500,7.326E-06
1069.850,7.316E-06
1070.200,7.308E-06
1070.550,7.306E-06
1070.900,7.321E-06
1071.250,7.330E-06
1071.600,7.341E-06
1071.950,7.382E-06
1072.300,7.379E-06
1072.650,7.374E-06
1073.000,7.394E-06
1073.350,7.365E-06
1073.700,7.379E-06
1074.050,7.403E-06
1074.400,7.383E-06
1074.750,7.349E-06
1075.100,7.360E-06
1075.450,7.326E-06
1075.800,7.362E-06
1076.150,7.376E-06
1076.500,7.377E-06
1076.850,7.362E-06
1077.200,7.372E-06
1077.550,7.340E-06
1077.900,7.323E-06
1078.250,7.302E-06
1078.600,7.276E-06
1078.950,7.306E-06
1079.300,7.356E-06
1079.650,7.350E-06
1080.000,7.314E-06
1080.350,7.291E-06
1080.700,7.254E-06
1081.050,7.250E-06
1081.400,7.263E-06
1081.750,7.291E-06
1082.100,7.353E-06
1082.450,7.351E-06
1082.800,7.334E-06
1083.150,7.338E-06
1083.500,7.334E-06
1083.850,7.291E-06
1084.200,7.346E-06
1084.550,7.356E-06
1084.900,7.377E-06
1085.250,7.393E-06
1085.600,7.393E-06
1085.950,7.352E-06
1086.300,7.336E-06
1086.650,7.298E-06
1087.000,7.298E-06
1087.350,7.305E-06
1087.700,7.276E-06
1088.050,7.306E-06
1088.400,7.340E-06
1088.750,7.329E-06
1089.100,7.301E-06
1089.450,7.312E-06
1089.800,7.302E-06
1090.150,7.335E-06
1090.500,7.383E-06
1090.850,7.421E-06
1091.200,7.475E-06
1091.550,7.520E-06
1091.900,7.494E-06
1092.250,7.488E-06
1092.600,7.515E-06
1092.950,7.496E-06
1093.300,7.525E-06
1093.650,7.486E-06
1094.000,7.450E-06
1094.350,7.462E-06
1094.700,7.458E-06
1095.050,7.447E-06
1095.400,7.468E-06
1095.750,7.468E-06
1096.100,7.471E-06
1096.450,7.512E-06
1096.800,7.518E-06
1097.150,7.554E-06
1097.500,7.550E-06
1097.850,7.540E-06
1098.200,7.530E-06
1098.550,7.541E-06
1098.900,7.556E-06
1099.250,7.549E-06
1099.600,7.540E-06
1099.950,7.494E-06
1100.300,7.503E-06
1100.650,7.525E-06
1101.000,7.536E-06
1101.350,7.546E-06
1101.700,7.551E-06
1102.050,7.554E-06
1102.400,7.541E-06
1102.750,7.518E-06
1103.100,7.511E-06
1103.450,7.487E-06
1103.800,7.480E-06
1104.150,7.500E-06
1104.500,7.513E-06
1104.850,7.502E-06
1105.200,7.467E-06
1105.550,7.441E-06
1105.900,7.413E-06
1106.250,7.450E-06
1106.600,7.502E-06
1106.950,7.506E-06
1107.300,7.489E-06
1107.650,7.520E-06
1108.000,7.517E-06
1108.350,7.514E-06
1108.700,7.498E-06
1109.050,7.457E-06
1109.400,7.472E-06
1109.750,7.501E-06
1110.100,7.480E-06
1110.450,7.449E-06
1110.800,7.418E-06
1111.150,7.355E-06
1111.500,7.348E-06
1111.850,7.351E-06
1112.200,7.360E-06
1112.550,7.352E-06
1112.900,7.406E-06
1113.250,7.460E-06
1113.600,7.512E-06
1113.950,7.587E-06
1114.300,7.614E-06
1114.650,7.616E-06
1115.000,7.680E-06
1115.350,7.717E-06
1115.700,7.733E-06
1116.050,7.707E-06
1116.400,7.581E-06
1116.750,7.506E-06
1117.100,7.454E-06
1117.450,7.452E-06
1117.800,7.427E-06
1118.150,7.426E-06
1118.500,7.411E-06
1118.850,7.471E-06
1119.200,7.502E-06
1119.550,7.513E-06
1119.900,7.507E-06
1120.250,7.542E-06
1120.600,7.605E-06
1120.950,7.637E-06
1121.300,7.615E-06
1121.650,7.590E-06
1122.000,7.565E-06
1122.350,7.533E-06
1122.700,7.549E-06
1123.050,7.538E-06
1123.400,7.477E-06
1123.750,7.449E-06
1124.100,7.462E-06
1124.450,7.475E-06
1124.800,7.439E-06
1125.150,7.371E-06
1125.500,7.357E-06
1125.850,7.361E-06
1126.200,7.458E-06
1126.550,7.513E-06
1126.900,7.552E-06
1127.250,7.585E-06
1127.600,7.575E-06
1127.950,7.605E-06
1128.300,7.605E-06
1128.650,7.645E-06
1129.000,7.625E-06
1129.350,7.567E-06
1129.700,7.567E-06
1130.050,7.584E-06
1130.400,7.602E-06
1130.750,7.551E-06
1131.100,7.589E-06
1131.450,7.597E-06
1131.800,7.614E-06
1132.150,7.588E-06
1132.500,7.554E-06
1132.850,7.523E-06
1133.200,7.558E-06
1133.550,7.535E-06
1133.900,7.518E-06
1134.250,7.488E-06
1134.600,7.421E-06
1134.950,7.443E-06
1135.300,7.509E-06
1135.650,7.541E-06
1136.000,7.570E-06
1136.350,7.582E-06
1136.700,7.584E-06
1137.050,7.581E-06
1137.400,7.560E-06
1137.750,7.534E-06
1138.100,7.495E-06
1138.450,7.473E-06
1138.800,7.472E-06
1139.150,7.486E-06
1139.500,7.487E-06
1139.850,7.484E-06
1140.200,7.495E-06
1140.550,7.502E-06
1140.900,7.534E-06
1141.250,7.591E-06
1141.600,7.666E-06
1141.950,7.649E-06
1142.300,7.642E-06
1142.650,7.608E-06
1143.000,7.578E-06
1143.350,7.570E-06
1143.700,7.559E-06
1144.050,7.523E-06
1144.400,7.553E-06
1144.750,7.600E-06
1145.100,7.632E-06
1145.450,7.675E-06
1145.800,7.720E-06
1146.150,7.734E-06
1146.500,7.746E-06
1146.850,7.761E-06
1147.200,7.795E-06
1147.550,7.881E-06
1147.900,7.946E-06
1148.250,7.996E-06
1148.600,7.937E-06
1148.950,7.838E-06
1149.300,7.740E-06
1149.650,7.659E-06
1150.000,7.618E-06
