IstTemp[K]=293.00

1500.000,2.126E-006
1500.400,2.173E-006
1500.800,2.257E-006
1501.200,2.215E-006
1501.600,2.183E-006
1502.000,2.132E-006
1502.400,2.181E-006
1502.800,2.250E-006
1503.200,2.116E-006
1503.600,2.154E-006
1504.000,2.170E-006
1504.400,2.029E-006
1504.800,2.294E-006
1505.200,2.151E-006
1505.600,2.079E-006
1506.000,2.133E-006
1506.400,2.025E-006
1506.800,2.108E-006
1507.200,2.109E-006
1507.600,2.149E-006
1508.000,2.108E-006
1508.400,2.031E-006
1508.800,2.064E-006
1509.200,2.213E-006
1509.600,2.042E-006
1510.000,2.073E-006
1510.400,2.083E-006
1510.800,2.043E-006
1511.200,2.037E-006
1511.600,2.131E-006
1512.000,2.030E-006
1512.400,2.162E-006
1512.800,2.072E-006
1513.200,2.105E-006
1513.600,2.070E-006
1514.000,2.053E-006
1514.400,2.106E-006
1514.800,2.124E-006
1515.200,2.002E-006
1515.600,2.058E-006
1516.000,1.924E-006
1516.400,2.069E-006
1516.800,1.971E-006
1517.200,1.965E-006
1517.600,1.933E-006
1518.000,1.853E-006
1518.400,1.947E-006
1518.800,1.948E-006
1519.200,2.080E-006
1519.600,2.034E-006
1520.000,2.023E-006
1520.400,1.954E-006
1520.800,2.029E-006
1521.200,2.094E-006
1521.600,2.034E-006
1522.000,2.000E-006
1522.400,2.052E-006
1522.800,2.043E-006
1523.200,2.089E-006
1523.600,1.957E-006
1524.000,2.002E-006
1524.400,1.952E-006
1524.800,1.865E-006
1525.200,1.925E-006
1525.600,1.951E-006
1526.000,1.907E-006
1526.400,1.990E-006
1526.800,2.026E-006
1527.200,1.934E-006
1527.600,1.812E-006
1528.000,1.847E-006
1528.400,1.882E-006
1528.800,1.789E-006
1529.200,1.787E-006
1529.600,1.822E-006
1530.000,1.763E-006
1530.400,1.787E-006
1530.800,1.816E-006
1531.200,1.822E-006
1531.600,1.765E-006
1532.000,1.796E-006
1532.400,1.816E-006
1532.800,1.752E-006
1533.200,1.832E-006
1533.600,1.872E-006
1534.000,1.883E-006
1534.400,1.828E-006
1534.800,1.715E-006
1535.200,1.773E-006
1535.600,1.779E-006
1536.000,1.689E-006
1536.400,1.640E-006
1536.800,1.753E-006
1537.200,1.676E-006
1537.600,1.774E-006
1538.000,1.748E-006
1538.400,1.684E-006
1538.800,1.660E-006
1539.200,1.595E-006
1539.600,1.639E-006
1540.000,1.615E-006
1540.400,1.660E-006
1540.800,1.675E-006
1541.200,1.681E-006
1541.600,1.704E-006
1542.000,1.686E-006
1542.400,1.685E-006
1542.800,1.629E-006
1543.200,1.524E-006
1543.600,1.522E-006
1544.000,1.621E-006
1544.400,1.723E-006
1544.800,1.656E-006
1545.200,1.576E-006
1545.600,1.636E-006
1546.000,1.649E-006
1546.400,1.532E-006
1546.800,1.608E-006
1547.200,1.500E-006
1547.600,1.531E-006
1548.000,1.547E-006
1548.400,1.479E-006
1548.800,1.569E-006
1549.200,1.557E-006
1549.600,1.515E-006
1550.000,1.412E-006
1550.400,1.420E-006
1550.800,1.530E-006
1551.200,1.477E-006
1551.600,1.434E-006
1552.000,1.364E-006
1552.400,1.408E-006
1552.800,1.310E-006
1553.200,1.333E-006
1553.600,1.476E-006
1554.000,1.400E-006
1554.400,1.414E-006
1554.800,1.484E-006
1555.200,1.375E-006
1555.600,1.389E-006
1556.000,1.359E-006
1556.400,1.314E-006
1556.800,1.322E-006
1557.200,1.334E-006
1557.600,1.389E-006
1558.000,1.369E-006
1558.400,1.301E-006
1558.800,1.296E-006
1559.200,1.339E-006
1559.600,1.213E-006
1560.000,1.256E-006
1560.400,1.243E-006
1560.800,1.176E-006
1561.200,1.196E-006
1561.600,1.220E-006
1562.000,1.198E-006
1562.400,1.274E-006
1562.800,1.134E-006
1563.200,1.211E-006
1563.600,1.191E-006
1564.000,1.183E-006
1564.400,1.164E-006
1564.800,1.181E-006
1565.200,1.165E-006
1565.600,1.089E-006
1566.000,1.184E-006
1566.400,1.139E-006
1566.800,1.158E-006
1567.200,1.132E-006
1567.600,1.131E-006
1568.000,1.163E-006
1568.400,1.002E-006
1568.800,1.083E-006
1569.200,9.931E-007
1569.600,9.612E-007
1570.000,1.074E-006
1570.400,1.116E-006
1570.800,1.012E-006
1571.200,9.793E-007
1571.600,9.165E-007
1572.000,9.900E-007
1572.400,9.520E-007
1572.800,1.021E-006
1573.200,9.992E-007
1573.600,9.569E-007
1574.000,9.273E-007
1574.400,9.072E-007
1574.800,9.178E-007
1575.200,9.981E-007
1575.600,7.925E-007
1576.000,9.335E-007
1576.400,8.933E-007
1576.800,9.333E-007
1577.200,9.346E-007
1577.600,8.525E-007
1578.000,8.415E-007
1578.400,8.164E-007
1578.800,8.654E-007
1579.200,7.928E-007
1579.600,7.758E-007
1580.000,7.308E-007
1580.400,8.515E-007
1580.800,7.601E-007
1581.200,8.142E-007
1581.600,8.336E-007
1582.000,6.967E-007
1582.400,6.787E-007
1582.800,6.597E-007
1583.200,7.642E-007
1583.600,7.197E-007
1584.000,7.039E-007
1584.400,7.759E-007
1584.800,6.094E-007
1585.200,6.506E-007
1585.600,6.356E-007
1586.000,6.204E-007
1586.400,5.742E-007
1586.800,6.841E-007
1587.200,6.388E-007
1587.600,5.949E-007
1588.000,6.478E-007
1588.400,6.262E-007
1588.800,5.850E-007
1589.200,5.770E-007
1589.600,4.985E-007
1590.000,5.177E-007
1590.400,6.120E-007
1590.800,5.566E-007
1591.200,6.473E-007
1591.600,5.724E-007
1592.000,4.451E-007
1592.400,4.633E-007
1592.800,6.014E-007
1593.200,5.735E-007
1593.600,4.798E-007
1594.000,4.959E-007
1594.400,5.045E-007
1594.800,4.949E-007
1595.200,5.550E-007
1595.600,5.636E-007
1596.000,5.310E-007
1596.400,5.122E-007
1596.800,4.196E-007
1597.200,4.290E-007
1597.600,4.516E-007
1598.000,5.107E-007
1598.400,3.342E-007
1598.800,3.669E-007
1599.200,4.079E-007
1599.600,4.141E-007
1600.000,3.719E-007
1600.400,3.720E-007
1600.800,3.529E-007
1601.200,3.539E-007
1601.600,3.769E-007
1602.000,3.701E-007
1602.400,3.297E-007
1602.800,3.923E-007
1603.200,2.940E-007
1603.600,4.309E-007
1604.000,4.093E-007
1604.400,3.635E-007
1604.800,4.382E-007
1605.200,4.251E-007
1605.600,3.531E-007
1606.000,3.857E-007
1606.400,3.300E-007
1606.800,3.297E-007
1607.200,3.386E-007
1607.600,3.770E-007
1608.000,3.362E-007
1608.400,3.210E-007
1608.800,3.893E-007
1609.200,3.110E-007
1609.600,2.563E-007
1610.000,2.646E-007
1610.400,3.388E-007
1610.800,3.147E-007
1611.200,2.628E-007
1611.600,2.735E-007
1612.000,3.338E-007
1612.400,2.770E-007
1612.800,3.309E-007
1613.200,2.530E-007
1613.600,2.102E-007
1614.000,2.045E-007
1614.400,2.323E-007
1614.800,1.894E-007
1615.200,2.328E-007
1615.600,2.715E-007
1616.000,2.540E-007
1616.400,2.009E-007
1616.800,2.548E-007
1617.200,2.461E-007
1617.600,2.055E-007
1618.000,2.070E-007
1618.400,1.629E-007
1618.800,3.379E-007
1619.200,2.529E-007
1619.600,2.105E-007
1620.000,2.418E-007
1620.400,2.688E-007
1620.800,2.547E-007
1621.200,2.200E-007
1621.600,2.238E-007
1622.000,2.831E-007
1622.400,2.503E-007
1622.800,1.685E-007
1623.200,1.538E-007
1623.600,2.405E-007
1624.000,1.671E-007
1624.400,1.173E-007
1624.800,1.122E-007
1625.200,2.352E-007
1625.600,2.459E-007
1626.000,2.533E-007
1626.400,2.806E-007
1626.800,2.322E-007
1627.200,2.368E-007
1627.600,2.217E-007
1628.000,2.574E-007
1628.400,1.561E-007
1628.800,9.069E-008
1629.200,6.975E-008
1629.600,1.307E-007
1630.000,1.864E-007
1630.400,2.291E-007
1630.800,1.903E-007
1631.200,1.195E-007
1631.600,1.485E-007
1632.000,9.774E-008
1632.400,2.518E-007
1632.800,1.765E-007
1633.200,2.308E-007
1633.600,2.374E-007
1634.000,1.144E-007
1634.400,2.394E-007
1634.800,1.637E-007
1635.200,2.425E-007
1635.600,1.972E-007
1636.000,2.452E-007
1636.400,1.817E-007
1636.800,2.041E-007
1637.200,1.479E-007
1637.600,1.508E-007
1638.000,2.387E-007
1638.400,1.767E-007
1638.800,2.061E-007
1639.200,1.557E-007
1639.600,1.796E-007
1640.000,2.216E-007
1640.400,2.159E-007
1640.800,1.498E-007
1641.200,1.491E-007
1641.600,1.988E-007
1642.000,1.491E-007
1642.400,1.876E-007
1642.800,1.770E-007
1643.200,1.900E-007
1643.600,1.911E-007
1644.000,2.151E-007
1644.400,2.375E-007
1644.800,1.852E-007
1645.200,2.326E-007
1645.600,2.496E-007
1646.000,2.855E-007
1646.400,2.855E-007
1646.800,1.492E-007
1647.200,1.933E-007
1647.600,1.970E-007
1648.000,7.481E-008
1648.400,1.378E-007
1648.800,9.529E-008
1649.200,1.942E-007
1649.600,2.333E-007
1650.000,1.522E-007
1650.400,1.528E-007
1650.800,2.188E-007
1651.200,7.051E-008
1651.600,2.058E-007
1652.000,1.841E-007
1652.400,9.249E-008
1652.800,2.128E-007
1653.200,1.191E-007
1653.600,1.694E-007
1654.000,1.221E-007
1654.400,1.470E-007
1654.800,2.008E-007
1655.200,1.414E-007
1655.600,1.483E-007
1656.000,2.161E-007
1656.400,2.399E-007
1656.800,2.160E-007
1657.200,1.425E-007
1657.600,1.455E-007
1658.000,8.499E-008
1658.400,1.634E-007
1658.800,1.795E-007
1659.200,1.877E-007
1659.600,1.160E-007
1660.000,1.219E-007
1660.400,7.981E-008
1660.800,1.670E-007
1661.200,1.871E-007
1661.600,3.306E-008
1662.000,2.400E-007
1662.400,1.600E-007
1662.800,1.133E-007
1663.200,9.331E-008
1663.600,1.897E-007
1664.000,1.561E-007
1664.400,1.318E-007
1664.800,2.619E-007
1665.200,2.073E-007
1665.600,1.635E-007
1666.000,9.288E-008
1666.400,1.798E-007
1666.800,1.486E-007
1667.200,1.720E-007
1667.600,1.637E-007
1668.000,1.192E-007
1668.400,1.815E-007
1668.800,8.466E-008
1669.200,2.106E-007
1669.600,1.937E-007
1670.000,1.966E-007
1670.400,1.221E-007
1670.800,1.321E-007
1671.200,1.960E-007
1671.600,1.731E-007
1672.000,1.505E-007
1672.400,2.475E-007
1672.800,1.874E-007
1673.200,1.572E-007
1673.600,1.136E-007
1674.000,1.989E-007
1674.400,2.102E-007
1674.800,1.481E-007
1675.200,7.922E-008
1675.600,2.006E-007
1676.000,5.156E-008
1676.400,1.604E-007
1676.800,8.734E-008
1677.200,1.970E-007
1677.600,2.373E-007
1678.000,1.662E-007
1678.400,1.644E-007
1678.800,1.686E-007
1679.200,1.273E-007
1679.600,1.842E-007
1680.000,1.632E-007
1680.400,1.766E-007
1680.800,1.984E-007
1681.200,2.352E-007
1681.600,2.004E-007
1682.000,1.921E-007
1682.400,2.486E-007
1682.800,7.953E-008
1683.200,5.206E-008
1683.600,1.525E-007
1684.000,1.427E-007
1684.400,1.393E-007
1684.800,1.704E-007
1685.200,1.820E-007
1685.600,9.866E-008
1686.000,8.156E-008
1686.400,1.876E-007
1686.800,1.088E-007
1687.200,2.197E-007
1687.600,1.822E-007
1688.000,1.188E-007
1688.400,2.694E-007
1688.800,1.780E-007
1689.200,1.169E-007
1689.600,1.944E-007
1690.000,1.669E-007
1690.400,1.992E-007
1690.800,1.017E-007
1691.200,8.584E-008
1691.600,2.199E-007
1692.000,1.638E-007
1692.400,1.638E-007
1692.800,2.330E-007
1693.200,2.256E-007
1693.600,1.455E-007
1694.000,4.589E-008
1694.400,2.353E-007
1694.800,1.198E-007
1695.200,1.661E-007
1695.600,1.558E-007
1696.000,2.353E-007
1696.400,2.082E-007
1696.800,1.391E-007
1697.200,7.827E-008
1697.600,2.336E-007
1698.000,2.079E-007
1698.400,2.025E-007
1698.800,6.849E-008
1699.200,1.127E-007
1699.600,1.541E-007
1700.000,1.089E-007
1700.400,1.677E-007
1700.800,2.008E-007
1701.200,3.343E-007
1701.600,2.157E-007
1702.000,2.213E-007
1702.400,1.687E-007
1702.800,1.981E-007
1703.200,1.780E-007
1703.600,2.028E-007
1704.000,1.681E-007
1704.400,1.926E-007
1704.800,1.863E-007
1705.200,1.556E-007
1705.600,2.359E-007
1706.000,2.155E-007
1706.400,2.519E-007
1706.800,2.853E-007
1707.200,2.324E-007
1707.600,2.227E-007
1708.000,2.349E-007
1708.400,2.020E-007
1708.800,1.892E-007
1709.200,1.831E-007
1709.600,1.658E-007
1710.000,1.314E-007
1710.400,2.086E-007
1710.800,2.351E-007
1711.200,1.354E-007
1711.600,1.843E-007
1712.000,2.017E-007
1712.400,1.593E-007
1712.800,1.887E-007
1713.200,2.133E-007
1713.600,9.312E-008
1714.000,1.489E-007
1714.400,2.160E-007
1714.800,2.025E-007
1715.200,1.249E-007
1715.600,2.687E-007
1716.000,2.506E-007
1716.400,2.508E-007
1716.800,2.251E-007
1717.200,2.165E-007
1717.600,2.257E-007
1718.000,2.050E-007
1718.400,1.526E-007
1718.800,1.232E-007
1719.200,2.024E-007
1719.600,2.556E-007
1720.000,1.723E-007
1720.400,2.693E-007
1720.800,2.313E-007
1721.200,1.574E-007
1721.600,1.663E-007
1722.000,1.032E-007
1722.400,1.846E-007
1722.800,2.453E-007
1723.200,2.181E-007
1723.600,2.279E-007
1724.000,1.517E-007
1724.400,1.846E-007
1724.800,2.235E-007
1725.200,2.384E-007
1725.600,3.153E-007
1726.000,2.465E-007
1726.400,2.664E-007
1726.800,1.893E-007
1727.200,2.089E-007
1727.600,2.215E-007
1728.000,2.699E-007
1728.400,2.586E-007
1728.800,1.458E-007
1729.200,2.058E-007
1729.600,2.388E-007
1730.000,1.813E-007
1730.400,3.060E-007
1730.800,2.525E-007
1731.200,2.091E-007
1731.600,1.872E-007
1732.000,2.112E-007
1732.400,2.604E-007
1732.800,1.877E-007
1733.200,2.532E-007
1733.600,2.381E-007
1734.000,2.460E-007
1734.400,2.742E-007
1734.800,2.203E-007
1735.200,1.949E-007
1735.600,2.515E-007
1736.000,2.439E-007
1736.400,1.909E-007
1736.800,1.291E-007
1737.200,3.099E-007
1737.600,1.947E-007
1738.000,2.793E-007
1738.400,2.964E-007
1738.800,2.386E-007
1739.200,2.681E-007
1739.600,2.922E-007
1740.000,2.535E-007
1740.400,3.295E-007
1740.800,1.749E-007
1741.200,2.464E-007
1741.600,3.244E-007
1742.000,3.434E-007
1742.400,2.790E-007
1742.800,3.068E-007
1743.200,2.821E-007
1743.600,2.243E-007
1744.000,1.805E-007
1744.400,2.704E-007
1744.800,2.687E-007
1745.200,3.206E-007
1745.600,3.916E-007
1746.000,3.108E-007
1746.400,2.471E-007
1746.800,3.641E-007
1747.200,2.079E-007
1747.600,3.234E-007
1748.000,2.699E-007
1748.400,2.297E-007
1748.800,2.352E-007
1749.200,3.668E-007
1749.600,3.709E-007
1750.000,3.118E-007
1750.400,3.353E-007
1750.800,3.097E-007
1751.200,2.632E-007
1751.600,3.572E-007
1752.000,2.921E-007
1752.400,3.067E-007
1752.800,2.172E-007
1753.200,3.159E-007
1753.600,3.481E-007
1754.000,2.808E-007
1754.400,3.447E-007
1754.800,2.938E-007
1755.200,3.553E-007
1755.600,3.193E-007
1756.000,2.900E-007
1756.400,3.782E-007
1756.800,3.530E-007
1757.200,3.963E-007
1757.600,2.879E-007
1758.000,3.255E-007
1758.400,3.097E-007
1758.800,2.665E-007
1759.200,3.220E-007
1759.600,4.234E-007
1760.000,4.390E-007
1760.400,3.505E-007
1760.800,3.364E-007
1761.200,3.666E-007
1761.600,3.349E-007
1762.000,3.000E-007
1762.400,3.628E-007
1762.800,3.541E-007
1763.200,3.529E-007
1763.600,4.384E-007
1764.000,3.511E-007
1764.400,4.022E-007
1764.800,4.690E-007
1765.200,4.570E-007
1765.600,3.750E-007
1766.000,4.332E-007
1766.400,3.998E-007
1766.800,4.561E-007
1767.200,4.774E-007
1767.600,4.631E-007
1768.000,4.166E-007
1768.400,4.473E-007
1768.800,4.352E-007
1769.200,4.446E-007
1769.600,4.206E-007
1770.000,3.945E-007
1770.400,4.491E-007
1770.800,3.562E-007
1771.200,4.331E-007
1771.600,4.277E-007
1772.000,3.946E-007
1772.400,4.221E-007
1772.800,4.421E-007
1773.200,4.466E-007
1773.600,4.506E-007
1774.000,4.158E-007
1774.400,4.715E-007
1774.800,4.176E-007
1775.200,4.006E-007
1775.600,3.893E-007
1776.000,4.169E-007
1776.400,4.762E-007
1776.800,4.797E-007
1777.200,5.350E-007
1777.600,4.916E-007
1778.000,4.968E-007
1778.400,5.684E-007
1778.800,4.733E-007
1779.200,4.979E-007
1779.600,5.211E-007
1780.000,4.684E-007
1780.400,4.880E-007
1780.800,4.375E-007
1781.200,4.333E-007
1781.600,5.148E-007
1782.000,5.040E-007
1782.400,4.703E-007
1782.800,4.234E-007
1783.200,4.323E-007
1783.600,4.826E-007
1784.000,4.714E-007
1784.400,5.389E-007
1784.800,5.031E-007
1785.200,5.761E-007
1785.600,5.047E-007
1786.000,5.486E-007
1786.400,5.176E-007
1786.800,5.106E-007
1787.200,5.242E-007
1787.600,5.197E-007
1788.000,4.958E-007
1788.400,5.134E-007
1788.800,4.714E-007
1789.200,5.567E-007
1789.600,5.949E-007
1790.000,6.867E-007
1790.400,5.222E-007
1790.800,5.810E-007
1791.200,5.453E-007
1791.600,5.643E-007
1792.000,5.469E-007
1792.400,4.756E-007
1792.800,5.936E-007
1793.200,5.805E-007
1793.600,5.742E-007
1794.000,6.603E-007
1794.400,6.091E-007
1794.800,6.958E-007
1795.200,6.016E-007
1795.600,5.928E-007
1796.000,6.408E-007
1796.400,6.092E-007
1796.800,6.586E-007
1797.200,5.525E-007
1797.600,5.795E-007
1798.000,6.065E-007
1798.400,5.529E-007
1798.800,6.857E-007
1799.200,6.339E-007
1799.600,5.684E-007
1800.000,6.214E-007
1800.400,5.001E-007
1800.800,6.140E-007
1801.200,5.680E-007
1801.600,6.650E-007
1802.000,6.066E-007
1802.400,6.220E-007
1802.800,6.961E-007
1803.200,5.962E-007
1803.600,6.687E-007
1804.000,6.190E-007
1804.400,6.827E-007
1804.800,5.877E-007
1805.200,6.765E-007
1805.600,6.430E-007
1806.000,6.949E-007
1806.400,6.767E-007
1806.800,7.027E-007
1807.200,6.310E-007
1807.600,5.130E-007
1808.000,5.780E-007
1808.400,5.900E-007
1808.800,6.013E-007
1809.200,6.584E-007
1809.600,5.146E-007
1810.000,7.231E-007
1810.400,6.292E-007
1810.800,7.124E-007
1811.200,6.231E-007
1811.600,5.984E-007
1812.000,7.014E-007
1812.400,6.273E-007
1812.800,6.433E-007
1813.200,6.910E-007
1813.600,6.628E-007
1814.000,7.067E-007
1814.400,5.762E-007
1814.800,6.994E-007
1815.200,6.329E-007
1815.600,6.223E-007
1816.000,7.294E-007
1816.400,6.249E-007
1816.800,7.554E-007
1817.200,6.545E-007
1817.600,6.668E-007
1818.000,6.654E-007
1818.400,6.974E-007
1818.800,6.425E-007
1819.200,6.067E-007
1819.600,6.325E-007
1820.000,6.760E-007
1820.400,6.497E-007
1820.800,6.737E-007
1821.200,6.908E-007
1821.600,5.576E-007
1822.000,7.464E-007
1822.400,7.460E-007
1822.800,7.583E-007
1823.200,7.492E-007
1823.600,7.554E-007
1824.000,7.325E-007
1824.400,6.998E-007
1824.800,7.649E-007
1825.200,7.619E-007
1825.600,7.178E-007
1826.000,6.621E-007
1826.400,6.813E-007
1826.800,7.523E-007
1827.200,7.175E-007
1827.600,6.579E-007
1828.000,6.563E-007
1828.400,5.916E-007
1828.800,7.657E-007
1829.200,6.811E-007
1829.600,6.545E-007
1830.000,7.549E-007
1830.400,7.882E-007
1830.800,7.877E-007
1831.200,7.578E-007
1831.600,7.558E-007
1832.000,7.552E-007
1832.400,8.494E-007
1832.800,8.021E-007
1833.200,8.244E-007
1833.600,7.035E-007
1834.000,6.728E-007
1834.400,7.696E-007
1834.800,6.508E-007
1835.200,6.419E-007
1835.600,5.791E-007
1836.000,6.532E-007
1836.400,6.642E-007
1836.800,5.660E-007
1837.200,6.600E-007
1837.600,7.305E-007
1838.000,6.902E-007
1838.400,6.829E-007
1838.800,6.618E-007
1839.200,7.542E-007
1839.600,7.403E-007
1840.000,6.515E-007
1840.400,5.683E-007
1840.800,5.933E-007
1841.200,6.527E-007
1841.600,6.577E-007
1842.000,6.483E-007
1842.400,7.180E-007
1842.800,7.480E-007
1843.200,7.631E-007
1843.600,8.071E-007
1844.000,7.061E-007
1844.400,7.628E-007
1844.800,8.310E-007
1845.200,6.997E-007
1845.600,6.687E-007
1846.000,6.318E-007
1846.400,5.949E-007
1846.800,5.868E-007
1847.200,5.806E-007
1847.600,5.441E-007
1848.000,5.854E-007
1848.400,7.395E-007
1848.800,7.734E-007
1849.200,7.946E-007
1849.600,8.293E-007
1850.000,8.592E-007
1850.400,7.718E-007
1850.800,8.140E-007
1851.200,8.135E-007
1851.600,7.497E-007
1852.000,6.906E-007
1852.400,7.178E-007
1852.800,7.325E-007
1853.200,7.205E-007
1853.600,7.786E-007
1854.000,7.224E-007
1854.400,7.463E-007
1854.800,8.309E-007
1855.200,7.483E-007
1855.600,7.586E-007
1856.000,6.723E-007
1856.400,7.396E-007
1856.800,7.330E-007
1857.200,8.058E-007
1857.600,7.280E-007
1858.000,8.020E-007
1858.400,7.706E-007
1858.800,8.020E-007
1859.200,7.127E-007
1859.600,7.900E-007
1860.000,7.443E-007
1860.400,7.678E-007
1860.800,7.088E-007
1861.200,7.946E-007
1861.600,8.913E-007
1862.000,9.554E-007
1862.400,8.994E-007
1862.800,8.176E-007
1863.200,8.481E-007
1863.600,7.729E-007
1864.000,8.795E-007
1864.400,8.574E-007
1864.800,8.253E-007
1865.200,8.856E-007
1865.600,8.678E-007
1866.000,8.091E-007
1866.400,8.153E-007
1866.800,7.555E-007
1867.200,7.983E-007
1867.600,8.099E-007
1868.000,7.910E-007
1868.400,7.258E-007
1868.800,7.490E-007
1869.200,7.460E-007
1869.600,7.249E-007
1870.000,6.262E-007
1870.400,7.277E-007
1870.800,7.275E-007
1871.200,6.637E-007
1871.600,6.755E-007
1872.000,7.508E-007
1872.400,6.820E-007
1872.800,6.945E-007
1873.200,7.186E-007
1873.600,7.944E-007
1874.000,7.706E-007
1874.400,8.445E-007
1874.800,8.484E-007
1875.200,7.958E-007
1875.600,7.864E-007
1876.000,7.695E-007
1876.400,7.454E-007
1876.800,8.268E-007
1877.200,8.669E-007
1877.600,8.192E-007
1878.000,9.444E-007
1878.400,9.443E-007
1878.800,9.745E-007
1879.200,1.010E-006
1879.600,9.251E-007
1880.000,9.319E-007
1880.400,9.588E-007
1880.800,8.711E-007
1881.200,9.439E-007
1881.600,9.230E-007
1882.000,9.788E-007
1882.400,8.785E-007
1882.800,8.538E-007
1883.200,8.882E-007
1883.600,8.624E-007
1884.000,9.539E-007
1884.400,8.597E-007
1884.800,9.307E-007
1885.200,9.803E-007
1885.600,9.611E-007
1886.000,9.601E-007
1886.400,9.981E-007
1886.800,1.003E-006
1887.200,9.462E-007
1887.600,9.895E-007
1888.000,9.456E-007
1888.400,9.856E-007
1888.800,8.776E-007
1889.200,9.720E-007
1889.600,9.205E-007
1890.000,8.943E-007
1890.400,8.854E-007
1890.800,9.625E-007
1891.200,9.655E-007
1891.600,8.739E-007
1892.000,8.855E-007
1892.400,8.547E-007
1892.800,9.491E-007
1893.200,9.484E-007
1893.600,9.144E-007
1894.000,9.941E-007
1894.400,9.274E-007
1894.800,1.027E-006
1895.200,9.962E-007
1895.600,1.031E-006
1896.000,1.018E-006
1896.400,1.081E-006
1896.800,9.161E-007
1897.200,1.055E-006
1897.600,1.004E-006
1898.000,9.212E-007
1898.400,8.695E-007
1898.800,8.945E-007
1899.200,7.697E-007
1899.600,9.049E-007
1900.000,8.123E-007
1900.400,8.635E-007
1900.800,9.426E-007
1901.200,9.502E-007
1901.600,8.787E-007
1902.000,8.066E-007
1902.400,9.325E-007
1902.800,9.134E-007
1903.200,9.153E-007
1903.600,8.967E-007
1904.000,9.514E-007
1904.400,8.699E-007
1904.800,8.828E-007
1905.200,8.129E-007
1905.600,7.327E-007
1906.000,7.816E-007
1906.400,8.487E-007
1906.800,8.654E-007
1907.200,8.669E-007
1907.600,9.976E-007
1908.000,1.006E-006
1908.400,9.634E-007
1908.800,9.980E-007
1909.200,9.996E-007
1909.600,1.030E-006
1910.000,1.014E-006
1910.400,9.111E-007
1910.800,9.024E-007
1911.200,9.841E-007
1911.600,9.188E-007
1912.000,8.418E-007
1912.400,8.877E-007
1912.800,8.891E-007
1913.200,9.051E-007
1913.600,9.595E-007
1914.000,9.988E-007
1914.400,9.599E-007
1914.800,9.739E-007
1915.200,1.034E-006
1915.600,9.927E-007
1916.000,1.016E-006
1916.400,1.057E-006
1916.800,1.136E-006
1917.200,1.103E-006
1917.600,1.110E-006
1918.000,1.064E-006
1918.400,1.071E-006
1918.800,1.014E-006
1919.200,9.131E-007
1919.600,9.300E-007
1920.000,8.281E-007
1920.400,8.920E-007
1920.800,8.974E-007
1921.200,9.320E-007
1921.600,9.847E-007
1922.000,1.049E-006
1922.400,1.018E-006
1922.800,9.995E-007
1923.200,9.233E-007
1923.600,9.796E-007
1924.000,9.899E-007
1924.400,8.111E-007
1924.800,1.031E-006
1925.200,1.032E-006
1925.600,1.064E-006
1926.000,1.017E-006
1926.400,1.026E-006
1926.800,1.070E-006
1927.200,9.243E-007
1927.600,9.453E-007
1928.000,8.474E-007
1928.400,9.278E-007
1928.800,8.454E-007
1929.200,9.385E-007
1929.600,9.227E-007
1930.000,8.506E-007
1930.400,9.910E-007
1930.800,1.098E-006
1931.200,1.001E-006
1931.600,1.071E-006
1932.000,9.753E-007
1932.400,1.021E-006
1932.800,9.468E-007
1933.200,1.051E-006
1933.600,9.911E-007
1934.000,9.552E-007
1934.400,1.050E-006
1934.800,1.058E-006
1935.200,1.005E-006
1935.600,9.862E-007
1936.000,1.018E-006
1936.400,1.029E-006
1936.800,1.060E-006
1937.200,1.023E-006
1937.600,1.083E-006
1938.000,1.081E-006
1938.400,1.114E-006
1938.800,1.123E-006
1939.200,1.091E-006
1939.600,1.111E-006
1940.000,1.097E-006
1940.400,1.139E-006
1940.800,9.954E-007
1941.200,1.097E-006
1941.600,1.082E-006
1942.000,1.114E-006
1942.400,1.103E-006
1942.800,1.115E-006
1943.200,1.150E-006
1943.600,1.165E-006
1944.000,1.190E-006
1944.400,1.094E-006
1944.800,1.099E-006
1945.200,1.152E-006
1945.600,1.126E-006
1946.000,1.125E-006
1946.400,1.124E-006
1946.800,1.114E-006
1947.200,1.149E-006
1947.600,1.073E-006
1948.000,1.055E-006
1948.400,1.139E-006
1948.800,1.063E-006
1949.200,1.092E-006
1949.600,1.081E-006
1950.000,1.036E-006
1950.400,1.119E-006
1950.800,1.129E-006
1951.200,1.089E-006
1951.600,1.038E-006
1952.000,1.079E-006
1952.400,1.142E-006
1952.800,1.151E-006
1953.200,1.080E-006
1953.600,1.151E-006
1954.000,1.060E-006
1954.400,1.065E-006
1954.800,1.104E-006
1955.200,1.164E-006
1955.600,1.085E-006
1956.000,1.142E-006
1956.400,1.133E-006
1956.800,1.008E-006
1957.200,1.076E-006
1957.600,9.872E-007
1958.000,9.226E-007
1958.400,1.014E-006
1958.800,9.871E-007
1959.200,1.031E-006
1959.600,1.150E-006
1960.000,1.111E-006
1960.400,1.127E-006
1960.800,9.716E-007
1961.200,1.050E-006
1961.600,1.078E-006
1962.000,1.046E-006
1962.400,1.058E-006
1962.800,1.133E-006
1963.200,1.081E-006
1963.600,1.119E-006
1964.000,1.038E-006
1964.400,1.079E-006
1964.800,1.039E-006
1965.200,1.128E-006
1965.600,1.139E-006
1966.000,1.099E-006
1966.400,1.163E-006
1966.800,1.085E-006
1967.200,1.103E-006
1967.600,1.092E-006
1968.000,1.079E-006
1968.400,1.045E-006
1968.800,1.131E-006
1969.200,1.110E-006
1969.600,1.070E-006
1970.000,1.146E-006
1970.400,1.057E-006
1970.800,9.632E-007
1971.200,1.055E-006
1971.600,1.156E-006
1972.000,1.039E-006
1972.400,1.044E-006
1972.800,1.072E-006
1973.200,1.098E-006
1973.600,1.163E-006
1974.000,1.102E-006
1974.400,1.115E-006
1974.800,1.039E-006
1975.200,1.093E-006
1975.600,1.036E-006
1976.000,1.099E-006
1976.400,1.035E-006
1976.800,1.070E-006
1977.200,1.073E-006
1977.600,1.087E-006
1978.000,1.079E-006
1978.400,1.076E-006
1978.800,1.129E-006
1979.200,1.054E-006
1979.600,9.916E-007
1980.000,1.115E-006
1980.400,1.068E-006
1980.800,1.199E-006
1981.200,1.176E-006
1981.600,1.191E-006
1982.000,1.147E-006
1982.400,1.174E-006
1982.800,1.183E-006
1983.200,1.061E-006
1983.600,1.054E-006
1984.000,1.100E-006
1984.400,1.097E-006
1984.800,1.026E-006
1985.200,1.078E-006
1985.600,1.122E-006
1986.000,1.079E-006
1986.400,1.099E-006
1986.800,1.070E-006
1987.200,1.153E-006
1987.600,9.830E-007
1988.000,1.039E-006
1988.400,1.065E-006
1988.800,1.043E-006
1989.200,1.044E-006
1989.600,1.063E-006
1990.000,1.151E-006
1990.400,1.147E-006
1990.800,1.152E-006
1991.200,1.097E-006
1991.600,1.110E-006
1992.000,1.082E-006
1992.400,1.039E-006
1992.800,9.968E-007
1993.200,1.035E-006
1993.600,1.066E-006
1994.000,1.031E-006
1994.400,1.152E-006
1994.800,1.103E-006
1995.200,1.123E-006
1995.600,1.163E-006
1996.000,1.112E-006
1996.400,1.049E-006
1996.800,9.789E-007
1997.200,1.102E-006
1997.600,1.058E-006
1998.000,1.007E-006
1998.400,9.810E-007
1998.800,1.048E-006
1999.200,1.154E-006
1999.600,1.127E-006
2000.000,1.138E-006
2000.400,1.146E-006
2000.800,1.094E-006
2001.200,1.065E-006
2001.600,1.127E-006
2002.000,9.888E-007
2002.400,1.028E-006
2002.800,9.366E-007
2003.200,1.053E-006
2003.600,1.114E-006
2004.000,1.054E-006
2004.400,1.142E-006
2004.800,1.125E-006
2005.200,1.106E-006
2005.600,1.104E-006
2006.000,1.047E-006
2006.400,1.021E-006
2006.800,9.706E-007
2007.200,1.026E-006
2007.600,1.007E-006
2008.000,1.061E-006
2008.400,9.894E-007
2008.800,1.147E-006
2009.200,1.038E-006
2009.600,1.121E-006
2010.000,1.063E-006
2010.400,9.890E-007
2010.800,1.026E-006
2011.200,9.586E-007
2011.600,1.115E-006
2012.000,1.043E-006
2012.400,1.046E-006
2012.800,1.106E-006
2013.200,1.182E-006
2013.600,1.093E-006
2014.000,1.095E-006
2014.400,1.060E-006
2014.800,1.040E-006
2015.200,1.052E-006
2015.600,1.025E-006
2016.000,1.067E-006
2016.400,1.093E-006
2016.800,1.061E-006
2017.200,1.048E-006
2017.600,1.055E-006
2018.000,1.112E-006
2018.400,1.092E-006
2018.800,1.161E-006
2019.200,1.087E-006
2019.600,1.020E-006
2020.000,1.139E-006
2020.400,1.012E-006
2020.800,1.103E-006
2021.200,1.162E-006
2021.600,1.137E-006
2022.000,1.141E-006
2022.400,1.137E-006
2022.800,1.145E-006
2023.200,1.079E-006
2023.600,1.110E-006
2024.000,1.068E-006
2024.400,1.060E-006
2024.800,1.075E-006
2025.200,1.133E-006
2025.600,1.034E-006
2026.000,1.000E-006
2026.400,1.041E-006
2026.800,1.060E-006
2027.200,9.530E-007
2027.600,1.043E-006
2028.000,1.022E-006
2028.400,1.062E-006
2028.800,1.013E-006
2029.200,1.046E-006
2029.600,8.715E-007
2030.000,9.697E-007
2030.400,1.013E-006
2030.800,1.022E-006
2031.200,1.128E-006
2031.600,1.070E-006
2032.000,1.062E-006
2032.400,1.051E-006
2032.800,1.058E-006
2033.200,1.082E-006
2033.600,1.110E-006
2034.000,1.060E-006
2034.400,1.048E-006
2034.800,1.088E-006
2035.200,1.038E-006
2035.600,1.056E-006
2036.000,1.018E-006
2036.400,1.081E-006
2036.800,1.029E-006
2037.200,9.735E-007
2037.600,9.735E-007
2038.000,8.834E-007
2038.400,9.543E-007
2038.800,1.055E-006
2039.200,1.099E-006
2039.600,1.066E-006
2040.000,1.044E-006
2040.400,1.016E-006
2040.800,1.033E-006
2041.200,1.048E-006
2041.600,1.046E-006
2042.000,9.483E-007
2042.400,8.908E-007
2042.800,9.610E-007
2043.200,1.012E-006
2043.600,1.023E-006
2044.000,1.033E-006
2044.400,1.057E-006
2044.800,1.039E-006
2045.200,9.917E-007
2045.600,9.332E-007
2046.000,9.793E-007
2046.400,9.462E-007
2046.800,9.837E-007
2047.200,9.229E-007
2047.600,9.597E-007
2048.000,1.023E-006
2048.400,1.032E-006
2048.800,9.883E-007
2049.200,9.947E-007
2049.600,1.009E-006
2050.000,1.069E-006
2050.400,1.070E-006
2050.800,1.050E-006
2051.200,1.020E-006
2051.600,1.018E-006
2052.000,9.718E-007
2052.400,9.408E-007
2052.800,1.015E-006
2053.200,9.382E-007
2053.600,9.842E-007
2054.000,1.015E-006
2054.400,9.049E-007
2054.800,9.907E-007
2055.200,1.046E-006
2055.600,9.978E-007
2056.000,1.014E-006
2056.400,1.114E-006
2056.800,1.090E-006
2057.200,1.016E-006
2057.600,1.057E-006
2058.000,9.361E-007
2058.400,1.018E-006
2058.800,9.587E-007
2059.200,9.923E-007
2059.600,1.030E-006
2060.000,1.023E-006
2060.400,1.007E-006
2060.800,8.900E-007
2061.200,8.594E-007
2061.600,9.932E-007
2062.000,9.086E-007
2062.400,9.847E-007
2062.800,9.988E-007
2063.200,1.097E-006
2063.600,1.045E-006
2064.000,1.087E-006
2064.400,1.048E-006
2064.800,9.300E-007
2065.200,9.658E-007
2065.600,1.019E-006
2066.000,9.975E-007
2066.400,9.057E-007
2066.800,1.033E-006
2067.200,1.001E-006
2067.600,9.656E-007
2068.000,1.039E-006
2068.400,9.724E-007
2068.800,1.088E-006
2069.200,1.012E-006
2069.600,9.485E-007
2070.000,1.075E-006
2070.400,1.070E-006
2070.800,1.039E-006
2071.200,9.757E-007
2071.600,1.102E-006
2072.000,1.059E-006
2072.400,1.022E-006
2072.800,1.034E-006
2073.200,9.781E-007
2073.600,9.906E-007
2074.000,1.070E-006
2074.400,1.019E-006
2074.800,1.004E-006
2075.200,1.078E-006
2075.600,1.072E-006
2076.000,1.086E-006
2076.400,9.901E-007
2076.800,9.291E-007
2077.200,9.597E-007
2077.600,9.879E-007
2078.000,8.698E-007
2078.400,9.360E-007
2078.800,9.682E-007
2079.200,1.030E-006
2079.600,1.049E-006
2080.000,1.045E-006
2080.400,1.089E-006
2080.800,9.987E-007
2081.200,1.041E-006
2081.600,1.041E-006
2082.000,1.021E-006
2082.400,9.682E-007
2082.800,1.077E-006
2083.200,9.408E-007
2083.600,1.034E-006
2084.000,1.064E-006
2084.400,9.894E-007
2084.800,1.004E-006
2085.200,1.026E-006
2085.600,1.005E-006
2086.000,1.028E-006
2086.400,8.587E-007
2086.800,9.552E-007
2087.200,9.590E-007
2087.600,9.730E-007
2088.000,9.814E-007
2088.400,1.074E-006
2088.800,1.030E-006
2089.200,1.061E-006
2089.600,1.076E-006
2090.000,1.030E-006
2090.400,9.770E-007
2090.800,8.839E-007
2091.200,8.900E-007
2091.600,8.939E-007
2092.000,9.009E-007
2092.400,9.614E-007
2092.800,9.774E-007
2093.200,9.711E-007
2093.600,1.071E-006
2094.000,1.011E-006
2094.400,9.367E-007
2094.800,1.005E-006
2095.200,9.730E-007
2095.600,9.497E-007
2096.000,9.332E-007
2096.400,9.258E-007
2096.800,9.732E-007
2097.200,9.164E-007
2097.600,9.923E-007
2098.000,1.013E-006
2098.400,1.043E-006
2098.800,9.132E-007
2099.200,9.482E-007
2099.600,9.037E-007
2100.000,9.432E-007
2100.400,9.360E-007
2100.800,9.917E-007
2101.200,9.720E-007
2101.600,9.711E-007
2102.000,8.826E-007
2102.400,8.620E-007
2102.800,9.610E-007
2103.200,8.863E-007
2103.600,9.092E-007
2104.000,8.077E-007
2104.400,9.070E-007
2104.800,8.012E-007
2105.200,8.196E-007
2105.600,8.055E-007
2106.000,9.440E-007
2106.400,9.116E-007
2106.800,9.662E-007
2107.200,9.502E-007
2107.600,9.637E-007
2108.000,8.953E-007
2108.400,9.049E-007
2108.800,9.454E-007
2109.200,9.282E-007
2109.600,9.094E-007
2110.000,8.692E-007
2110.400,7.838E-007
2110.800,8.855E-007
2111.200,8.825E-007
2111.600,8.802E-007
2112.000,9.080E-007
2112.400,9.285E-007
2112.800,8.447E-007
2113.200,8.719E-007
2113.600,8.842E-007
2114.000,8.853E-007
2114.400,8.074E-007
2114.800,8.159E-007
2115.200,8.989E-007
2115.600,8.702E-007
2116.000,9.367E-007
2116.400,9.615E-007
2116.800,1.010E-006
2117.200,9.627E-007
2117.600,9.475E-007
2118.000,9.622E-007
2118.400,7.732E-007
2118.800,7.630E-007
2119.200,8.149E-007
2119.600,8.420E-007
2120.000,7.583E-007
2120.400,7.662E-007
2120.800,7.261E-007
2121.200,7.899E-007
2121.600,8.676E-007
2122.000,8.722E-007
2122.400,8.137E-007
2122.800,8.192E-007
2123.200,8.694E-007
2123.600,7.998E-007
2124.000,9.151E-007
2124.400,8.421E-007
2124.800,8.906E-007
2125.200,9.055E-007
2125.600,9.454E-007
2126.000,8.878E-007
2126.400,8.781E-007
2126.800,8.634E-007
2127.200,7.700E-007
2127.600,9.565E-007
2128.000,8.620E-007
2128.400,7.724E-007
2128.800,8.318E-007
2129.200,8.429E-007
2129.600,8.380E-007
2130.000,9.367E-007
2130.400,9.157E-007
2130.800,1.009E-006
2131.200,8.807E-007
2131.600,9.209E-007
2132.000,8.509E-007
2132.400,8.409E-007
2132.800,9.117E-007
2133.200,8.980E-007
2133.600,8.792E-007
2134.000,7.706E-007
2134.400,8.491E-007
2134.800,8.806E-007
2135.200,7.248E-007
2135.600,7.828E-007
2136.000,8.238E-007
2136.400,8.103E-007
2136.800,8.753E-007
2137.200,7.860E-007
2137.600,8.496E-007
2138.000,8.304E-007
2138.400,8.300E-007
2138.800,8.943E-007
2139.200,8.528E-007
2139.600,8.052E-007
2140.000,8.214E-007
2140.400,7.765E-007
2140.800,8.103E-007
2141.200,6.858E-007
2141.600,8.004E-007
2142.000,8.243E-007
2142.400,7.786E-007
2142.800,8.686E-007
2143.200,8.754E-007
2143.600,8.366E-007
2144.000,8.971E-007
2144.400,8.187E-007
2144.800,9.121E-007
2145.200,9.258E-007
2145.600,8.278E-007
2146.000,7.472E-007
2146.400,8.161E-007
2146.800,7.624E-007
2147.200,7.740E-007
2147.600,8.081E-007
2148.000,8.636E-007
2148.400,8.650E-007
2148.800,8.797E-007
2149.200,8.174E-007
2149.600,8.355E-007
2150.000,8.768E-007
2150.400,8.895E-007
2150.800,8.207E-007
2151.200,8.882E-007
2151.600,8.323E-007
2152.000,8.363E-007
2152.400,8.071E-007
2152.800,7.420E-007
2153.200,7.856E-007
2153.600,8.956E-007
2154.000,8.105E-007
2154.400,8.707E-007
2154.800,8.784E-007
2155.200,8.202E-007
2155.600,7.989E-007
2156.000,8.836E-007
2156.400,7.131E-007
2156.800,7.194E-007
2157.200,7.374E-007
2157.600,8.397E-007
2158.000,7.800E-007
2158.400,7.514E-007
2158.800,8.194E-007
2159.200,8.707E-007
2159.600,8.446E-007
2160.000,8.073E-007
2160.400,9.060E-007
2160.800,8.789E-007
2161.200,8.766E-007
2161.600,8.657E-007
2162.000,8.487E-007
2162.400,8.383E-007
2162.800,7.802E-007
2163.200,7.568E-007
2163.600,7.450E-007
2164.000,7.451E-007
2164.400,6.928E-007
2164.800,7.221E-007
2165.200,6.409E-007
2165.600,7.291E-007
2166.000,7.463E-007
2166.400,6.990E-007
2166.800,8.525E-007
2167.200,8.180E-007
2167.600,8.253E-007
2168.000,7.648E-007
2168.400,7.987E-007
2168.800,7.255E-007
2169.200,7.668E-007
2169.600,8.198E-007
2170.000,8.008E-007
2170.400,7.258E-007
2170.800,7.789E-007
2171.200,6.860E-007
2171.600,7.311E-007
2172.000,6.881E-007
2172.400,6.506E-007
2172.800,7.698E-007
2173.200,7.455E-007
2173.600,7.348E-007
2174.000,8.254E-007
2174.400,7.714E-007
2174.800,8.554E-007
2175.200,8.538E-007
2175.600,7.424E-007
2176.000,7.882E-007
2176.400,7.183E-007
2176.800,7.547E-007
2177.200,7.608E-007
2177.600,7.790E-007
2178.000,8.243E-007
2178.400,7.359E-007
2178.800,7.614E-007
2179.200,8.271E-007
2179.600,8.895E-007
2180.000,8.584E-007
2180.400,8.703E-007
2180.800,8.553E-007
2181.200,7.290E-007
2181.600,8.285E-007
2182.000,8.079E-007
2182.400,7.050E-007
2182.800,7.697E-007
2183.200,7.672E-007
2183.600,6.620E-007
2184.000,7.317E-007
2184.400,8.127E-007
2184.800,7.696E-007
2185.200,8.352E-007
2185.600,8.824E-007
2186.000,7.826E-007
2186.400,8.067E-007
2186.800,8.574E-007
2187.200,8.606E-007
2187.600,7.962E-007
2188.000,7.613E-007
2188.400,8.398E-007
2188.800,7.540E-007
2189.200,8.283E-007
2189.600,8.088E-007
2190.000,7.708E-007
2190.400,8.243E-007
2190.800,8.263E-007
2191.200,7.114E-007
2191.600,7.980E-007
2192.000,7.501E-007
2192.400,7.567E-007
2192.800,7.648E-007
2193.200,7.548E-007
2193.600,8.081E-007
2194.000,8.010E-007
2194.400,7.578E-007
2194.800,7.274E-007
2195.200,7.579E-007
2195.600,7.442E-007
2196.000,6.351E-007
2196.400,7.021E-007
2196.800,7.821E-007
2197.200,6.984E-007
2197.600,7.325E-007
2198.000,6.856E-007
2198.400,7.551E-007
2198.800,7.926E-007
2199.200,7.234E-007
2199.600,7.129E-007
2200.000,8.169E-007
