IstTemp[K]=293.00

 600.000,1.659E-06
 601.000,1.681E-06
 602.000,1.703E-06
 603.000,1.720E-06
 604.000,1.743E-06
 605.000,1.761E-06
 606.000,1.767E-06
 607.000,1.785E-06
 608.000,1.806E-06
 609.000,1.814E-06
 610.000,1.828E-06
 611.000,1.852E-06
 612.000,1.868E-06
 613.000,1.882E-06
 614.000,1.902E-06
 615.000,1.906E-06
 616.000,1.925E-06
 617.000,1.948E-06
 618.000,1.954E-06
 619.000,1.962E-06
 620.000,1.973E-06
 621.000,1.994E-06
 622.000,2.008E-06
 623.000,2.031E-06
 624.000,2.048E-06
 625.000,2.055E-06
 626.000,2.074E-06
 627.000,2.084E-06
 628.000,2.101E-06
 629.000,2.103E-06
 630.000,2.104E-06
 631.000,2.108E-06
 632.000,2.104E-06
 633.000,2.104E-06
 634.000,2.103E-06
 635.000,2.101E-06
 636.000,2.112E-06
 637.000,2.120E-06
 638.000,2.113E-06
 639.000,2.105E-06
 640.000,2.111E-06
 641.000,2.143E-06
 642.000,2.168E-06
 643.000,2.177E-06
 644.000,2.195E-06
 645.000,2.159E-06
 646.000,2.129E-06
 647.000,2.100E-06
 648.000,2.054E-06
 649.000,2.025E-06
 650.000,1.964E-06
 651.000,1.928E-06
 652.000,1.899E-06
 653.000,1.826E-06
 654.000,1.778E-06
 655.000,1.721E-06
 656.000,1.660E-06
 657.000,1.613E-06
 658.000,1.561E-06
 659.000,1.521E-06
 660.000,1.502E-06
 661.000,1.479E-06
 662.000,1.475E-06
 663.000,1.459E-06
 664.000,1.416E-06
 665.000,1.368E-06
 666.000,1.304E-06
 667.000,1.201E-06
 668.000,1.087E-06
 669.000,9.772E-07
 670.000,8.655E-07
 671.000,7.492E-07
 672.000,6.279E-07
 673.000,5.265E-07
 674.000,4.281E-07
 675.000,3.394E-07
 676.000,2.749E-07
 677.000,2.168E-07
 678.000,1.740E-07
 679.000,1.390E-07
 680.000,1.127E-07
 681.000,9.791E-08
 682.000,8.737E-08
 683.000,8.887E-08
 684.000,8.386E-08
 685.000,8.471E-08
 686.000,9.796E-08
 687.000,1.242E-07
 688.000,1.411E-07
 689.000,1.773E-07
 690.000,2.163E-07
 691.000,2.660E-07
 692.000,3.150E-07
 693.000,3.818E-07
 694.000,4.576E-07
 695.000,5.441E-07
 696.000,6.425E-07
 697.000,7.631E-07
 698.000,8.865E-07
 699.000,1.022E-06
 700.000,1.154E-06
 701.000,1.276E-06
 702.000,1.419E-06
 703.000,1.553E-06
 704.000,1.713E-06
 705.000,1.860E-06
 706.000,2.000E-06
 707.000,2.143E-06
 708.000,2.249E-06
 709.000,2.380E-06
 710.000,2.492E-06
 711.000,2.573E-06
 712.000,2.650E-06
 713.000,2.741E-06
 714.000,2.823E-06
 715.000,2.892E-06
 716.000,2.932E-06
 717.000,2.992E-06
 718.000,3.036E-06
 719.000,3.081E-06
 720.000,3.112E-06
 721.000,3.158E-06
 722.000,3.205E-06
 723.000,3.218E-06
 724.000,3.225E-06
 725.000,3.272E-06
 726.000,3.295E-06
 727.000,3.315E-06
 728.000,3.329E-06
 729.000,3.329E-06
 730.000,3.317E-06
 731.000,3.315E-06
 732.000,3.299E-06
 733.000,3.329E-06
 734.000,3.333E-06
 735.000,3.293E-06
 736.000,3.303E-06
 737.000,3.283E-06
 738.000,3.285E-06
 739.000,3.300E-06
 740.000,3.256E-06
 741.000,3.249E-06
 742.000,3.206E-06
 743.000,3.177E-06
 744.000,3.133E-06
 745.000,3.080E-06
 746.000,3.027E-06
 747.000,2.981E-06
 748.000,2.886E-06
 749.000,2.839E-06
 750.000,2.746E-06
 751.000,2.658E-06
 752.000,2.559E-06
 753.000,2.455E-06
 754.000,2.353E-06
 755.000,2.225E-06
 756.000,2.106E-06
 757.000,2.003E-06
 758.000,1.887E-06
 759.000,1.771E-06
 760.000,1.677E-06
 761.000,1.556E-06
 762.000,1.446E-06
 763.000,1.359E-06
 764.000,1.256E-06
 765.000,1.182E-06
 766.000,1.108E-06
 767.000,1.055E-06
 768.000,1.008E-06
 769.000,9.630E-07
 770.000,9.257E-07
 771.000,8.957E-07
 772.000,8.600E-07
 773.000,8.333E-07
 774.000,8.139E-07
 775.000,7.972E-07
 776.000,7.633E-07
 777.000,7.464E-07
 778.000,7.002E-07
 779.000,6.623E-07
 780.000,5.952E-07
 781.000,5.191E-07
 782.000,4.352E-07
 783.000,3.410E-07
 784.000,2.442E-07
 785.000,1.790E-07
 786.000,1.106E-07
 787.000,8.644E-08
 788.000,5.990E-08
 789.000,4.557E-08
 790.000,3.743E-08
 791.000,4.413E-08
 792.000,4.362E-08
 793.000,5.940E-08
 794.000,9.169E-08
 795.000,1.332E-07
 796.000,2.055E-07
 797.000,2.740E-07
 798.000,3.573E-07
 799.000,4.310E-07
 800.000,4.779E-07
 801.000,5.329E-07
 802.000,5.934E-07
 803.000,6.662E-07
 804.000,7.789E-07
 805.000,9.033E-07
 806.000,1.051E-06
 807.000,1.199E-06
 808.000,1.346E-06
 809.000,1.481E-06
 810.000,1.653E-06
 811.000,1.799E-06
 812.000,1.968E-06
 813.000,2.129E-06
 814.000,2.281E-06
 815.000,2.478E-06
 816.000,2.661E-06
 817.000,2.824E-06
 818.000,2.974E-06
 819.000,3.095E-06
 820.000,3.245E-06
 821.000,3.382E-06
 822.000,3.464E-06
 823.000,3.598E-06
 824.000,3.674E-06
 825.000,3.736E-06
 826.000,3.801E-06
 827.000,3.841E-06
 828.000,3.914E-06
 829.000,3.918E-06
 830.000,3.926E-06
 831.000,3.956E-06
 832.000,3.988E-06
 833.000,4.016E-06
 834.000,4.040E-06
 835.000,4.040E-06
 836.000,4.136E-06
 837.000,4.161E-06
 838.000,4.190E-06
 839.000,4.145E-06
 840.000,4.122E-06
 841.000,4.141E-06
 842.000,4.171E-06
 843.000,4.185E-06
 844.000,4.215E-06
 845.000,4.191E-06
 846.000,4.215E-06
 847.000,4.186E-06
 848.000,4.172E-06
 849.000,4.188E-06
 850.000,4.247E-06
 851.000,4.212E-06
 852.000,4.259E-06
 853.000,4.263E-06
 854.000,4.298E-06
 855.000,4.338E-06
 856.000,4.329E-06
 857.000,4.383E-06
 858.000,4.384E-06
 859.000,4.376E-06
 860.000,4.367E-06
 861.000,4.388E-06
 862.000,4.397E-06
 863.000,4.418E-06
 864.000,4.430E-06
 865.000,4.424E-06
 866.000,4.425E-06
 867.000,4.426E-06
 868.000,4.422E-06
 869.000,4.431E-06
 870.000,4.448E-06
 871.000,4.429E-06
 872.000,4.433E-06
 873.000,4.475E-06
 874.000,4.484E-06
 875.000,4.477E-06
 876.000,4.526E-06
 877.000,4.516E-06
 878.000,4.551E-06
 879.000,4.556E-06
 880.000,4.588E-06
 881.000,4.600E-06
 882.000,4.572E-06
 883.000,4.607E-06
 884.000,4.579E-06
 885.000,4.531E-06
 886.000,4.525E-06
 887.000,4.523E-06
 888.000,4.548E-06
 889.000,4.541E-06
 890.000,4.519E-06
 891.000,4.510E-06
 892.000,4.550E-06
 893.000,4.519E-06
 894.000,4.515E-06
 895.000,4.472E-06
 896.000,4.504E-06
 897.000,4.494E-06
 898.000,4.488E-06
 899.000,4.484E-06
 900.000,4.509E-06
 901.000,4.488E-06
 902.000,4.536E-06
 903.000,4.482E-06
 904.000,4.471E-06
 905.000,4.424E-06
 906.000,4.392E-06
 907.000,4.438E-06
 908.000,4.438E-06
 909.000,4.451E-06
 910.000,4.447E-06
 911.000,4.399E-06
 912.000,4.419E-06
 913.000,4.406E-06
 914.000,4.390E-06
 915.000,4.422E-06
 916.000,4.398E-06
 917.000,4.349E-06
 918.000,4.362E-06
 919.000,4.330E-06
 920.000,4.369E-06
 921.000,4.336E-06
 922.000,4.335E-06
 923.000,4.336E-06
 924.000,4.349E-06
 925.000,4.395E-06
 926.000,4.436E-06
 927.000,4.411E-06
 928.000,4.423E-06
 929.000,4.421E-06
 930.000,4.413E-06
 931.000,4.424E-06
 932.000,4.406E-06
 933.000,4.448E-06
 934.000,4.448E-06
 935.000,4.440E-06
 936.000,4.469E-06
 937.000,4.422E-06
 938.000,4.416E-06
 939.000,4.392E-06
 940.000,4.352E-06
 941.000,4.340E-06
 942.000,4.389E-06
 943.000,4.383E-06
 944.000,4.371E-06
 945.000,4.383E-06
 946.000,4.397E-06
 947.000,4.366E-06
 948.000,4.405E-06
 949.000,4.350E-06
 950.000,4.452E-06
 951.000,4.444E-06
 952.000,4.448E-06
 953.000,4.466E-06
 954.000,4.441E-06
 955.000,4.423E-06
 956.000,4.442E-06
 957.000,4.460E-06
 958.000,4.458E-06
 959.000,4.510E-06
 960.000,4.501E-06
 961.000,4.526E-06
 962.000,4.510E-06
 963.000,4.535E-06
 964.000,4.482E-06
 965.000,4.506E-06
 966.000,4.497E-06
 967.000,4.521E-06
 968.000,4.481E-06
 969.000,4.505E-06
 970.000,4.495E-06
 971.000,4.485E-06
 972.000,4.457E-06
 973.000,4.448E-06
 974.000,4.515E-06
 975.000,4.488E-06
 976.000,4.475E-06
 977.000,4.474E-06
 978.000,4.450E-06
 979.000,4.490E-06
 980.000,4.506E-06
 981.000,4.489E-06
 982.000,4.484E-06
 983.000,4.474E-06
 984.000,4.473E-06
 985.000,4.465E-06
 986.000,4.458E-06
 987.000,4.442E-06
 988.000,4.415E-06
 989.000,4.425E-06
 990.000,4.461E-06
 991.000,4.441E-06
 992.000,4.451E-06
 993.000,4.397E-06
 994.000,4.395E-06
 995.000,4.424E-06
 996.000,4.447E-06
 997.000,4.466E-06
 998.000,4.491E-06
 999.000,4.444E-06
1000.000,4.449E-06
1001.000,4.421E-06
1002.000,4.417E-06
1003.000,4.448E-06
1004.000,4.421E-06
1005.000,4.415E-06
1006.000,4.376E-06
1007.000,4.406E-06
1008.000,4.377E-06
1009.000,4.394E-06
1010.000,4.399E-06
1011.000,4.405E-06
1012.000,4.383E-06
1013.000,4.397E-06
1014.000,4.360E-06
1015.000,4.380E-06
1016.000,4.375E-06
1017.000,4.410E-06
1018.000,4.412E-06
1019.000,4.371E-06
1020.000,4.382E-06
1021.000,4.339E-06
1022.000,4.354E-06
1023.000,4.331E-06
1024.000,4.355E-06
1025.000,4.404E-06
1026.000,4.425E-06
1027.000,4.393E-06
1028.000,4.372E-06
1029.000,4.348E-06
1030.000,4.349E-06
1031.000,4.384E-06
1032.000,4.386E-06
1033.000,4.350E-06
1034.000,4.378E-06
1035.000,4.429E-06
1036.000,4.363E-06
1037.000,4.373E-06
1038.000,4.322E-06
1039.000,4.273E-06
1040.000,4.304E-06
1041.000,4.262E-06
1042.000,4.268E-06
1043.000,4.253E-06
1044.000,4.253E-06
1045.000,4.272E-06
1046.000,4.270E-06
1047.000,4.358E-06
1048.000,4.373E-06
1049.000,4.364E-06
1050.000,4.297E-06
1051.000,4.260E-06
1052.000,4.237E-06
1053.000,4.238E-06
1054.000,4.209E-06
1055.000,4.165E-06
1056.000,4.152E-06
1057.000,4.198E-06
1058.000,4.169E-06
1059.000,4.133E-06
1060.000,4.202E-06
1061.000,4.190E-06
1062.000,4.231E-06
1063.000,4.255E-06
1064.000,4.231E-06
1065.000,4.163E-06
1066.000,4.182E-06
1067.000,4.149E-06
1068.000,4.212E-06
1069.000,4.125E-06
1070.000,4.098E-06
1071.000,4.092E-06
1072.000,4.061E-06
1073.000,4.049E-06
1074.000,4.036E-06
1075.000,4.045E-06
1076.000,3.983E-06
1077.000,3.983E-06
1078.000,4.003E-06
1079.000,3.955E-06
1080.000,3.939E-06
1081.000,3.924E-06
1082.000,3.884E-06
1083.000,3.858E-06
1084.000,3.803E-06
1085.000,3.790E-06
1086.000,3.774E-06
1087.000,3.780E-06
1088.000,3.746E-06
1089.000,3.709E-06
1090.000,3.735E-06
1091.000,3.679E-06
1092.000,3.686E-06
1093.000,3.644E-06
1094.000,3.662E-06
1095.000,3.602E-06
1096.000,3.592E-06
1097.000,3.558E-06
1098.000,3.521E-06
1099.000,3.504E-06
1100.000,3.469E-06
1101.000,3.467E-06
1102.000,3.433E-06
1103.000,3.438E-06
1104.000,3.365E-06
1105.000,3.308E-06
1106.000,3.275E-06
1107.000,3.261E-06
1108.000,3.212E-06
1109.000,3.217E-06
1110.000,3.187E-06
1111.000,3.165E-06
1112.000,3.097E-06
1113.000,3.093E-06
1114.000,3.077E-06
1115.000,3.049E-06
1116.000,2.971E-06
1117.000,2.931E-06
1118.000,2.847E-06
1119.000,2.814E-06
1120.000,2.801E-06
1121.000,2.774E-06
1122.000,2.719E-06
1123.000,2.648E-06
1124.000,2.644E-06
1125.000,2.615E-06
1126.000,2.574E-06
1127.000,2.568E-06
1128.000,2.540E-06
1129.000,2.487E-06
1130.000,2.469E-06
1131.000,2.441E-06
1132.000,2.422E-06
1133.000,2.362E-06
1134.000,2.287E-06
1135.000,2.234E-06
1136.000,2.241E-06
1137.000,2.227E-06
1138.000,2.212E-06
1139.000,2.109E-06
1140.000,2.081E-06
1141.000,2.053E-06
1142.000,2.039E-06
1143.000,2.025E-06
1144.000,2.008E-06
1145.000,1.971E-06
1146.000,1.968E-06
1147.000,1.914E-06
1148.000,1.905E-06
1149.000,1.862E-06
1150.000,1.856E-06
1151.000,1.827E-06
1152.000,1.785E-06
1153.000,1.729E-06
1154.000,1.700E-06
1155.000,1.674E-06
1156.000,1.657E-06
1157.000,1.608E-06
1158.000,1.581E-06
1159.000,1.564E-06
1160.000,1.527E-06
1161.000,1.494E-06
1162.000,1.454E-06
1163.000,1.435E-06
1164.000,1.416E-06
1165.000,1.377E-06
1166.000,1.370E-06
1167.000,1.361E-06
1168.000,1.309E-06
1169.000,1.285E-06
1170.000,1.280E-06
1171.000,1.254E-06
1172.000,1.238E-06
1173.000,1.203E-06
1174.000,1.219E-06
1175.000,1.200E-06
1176.000,1.179E-06
1177.000,1.178E-06
1178.000,1.162E-06
1179.000,1.126E-06
1180.000,1.121E-06
1181.000,1.101E-06
1182.000,1.124E-06
1183.000,1.116E-06
1184.000,1.116E-06
1185.000,1.129E-06
1186.000,1.143E-06
1187.000,1.141E-06
1188.000,1.142E-06
1189.000,1.152E-06
1190.000,1.176E-06
1191.000,1.159E-06
1192.000,1.176E-06
1193.000,1.200E-06
1194.000,1.193E-06
1195.000,1.179E-06
1196.000,1.174E-06
1197.000,1.164E-06
1198.000,1.158E-06
1199.000,1.125E-06
1200.000,1.094E-06
1201.000,1.037E-06
1202.000,9.194E-07
1203.000,7.883E-07
1204.000,6.149E-07
1205.000,4.429E-07
1206.000,2.760E-07
1207.000,1.568E-07
1208.000,8.580E-08
1209.000,4.497E-08
1210.000,3.046E-08
1211.000,2.799E-08
1212.000,3.708E-08
1213.000,7.120E-08
1214.000,1.586E-07
1215.000,3.079E-07
1216.000,4.973E-07
1217.000,6.966E-07
1218.000,8.912E-07
1219.000,1.043E-06
1220.000,1.136E-06
1221.000,1.220E-06
1222.000,1.271E-06
1223.000,1.321E-06
1224.000,1.337E-06
1225.000,1.365E-06
1226.000,1.397E-06
1227.000,1.434E-06
1228.000,1.413E-06
1229.000,1.427E-06
1230.000,1.455E-06
1231.000,1.472E-06
1232.000,1.501E-06
1233.000,1.566E-06
1234.000,1.638E-06
1235.000,1.717E-06
1236.000,1.762E-06
1237.000,1.840E-06
1238.000,1.923E-06
1239.000,1.979E-06
1240.000,2.051E-06
1241.000,2.118E-06
1242.000,2.130E-06
1243.000,2.167E-06
1244.000,2.240E-06
1245.000,2.284E-06
1246.000,2.310E-06
1247.000,2.349E-06
1248.000,2.340E-06
1249.000,2.442E-06
1250.000,2.470E-06
1251.000,2.504E-06
1252.000,2.553E-06
1253.000,2.573E-06
1254.000,2.594E-06
1255.000,2.673E-06
1256.000,2.646E-06
1257.000,2.677E-06
1258.000,2.693E-06
1259.000,2.715E-06
1260.000,2.790E-06
1261.000,2.855E-06
1262.000,2.827E-06
1263.000,2.859E-06
1264.000,2.903E-06
1265.000,2.927E-06
1266.000,2.920E-06
1267.000,2.958E-06
1268.000,3.013E-06
1269.000,3.043E-06
1270.000,3.028E-06
1271.000,3.101E-06
1272.000,3.182E-06
1273.000,3.137E-06
1274.000,3.125E-06
1275.000,3.171E-06
1276.000,3.210E-06
1277.000,3.170E-06
1278.000,3.151E-06
1279.000,3.198E-06
1280.000,3.198E-06
1281.000,3.179E-06
1282.000,3.224E-06
1283.000,3.243E-06
1284.000,3.262E-06
1285.000,3.238E-06
1286.000,3.246E-06
1287.000,3.195E-06
1288.000,3.160E-06
1289.000,3.125E-06
1290.000,3.196E-06
1291.000,3.171E-06
1292.000,3.170E-06
1293.000,3.158E-06
1294.000,3.182E-06
1295.000,3.152E-06
1296.000,3.167E-06
1297.000,3.154E-06
1298.000,3.149E-06
1299.000,3.159E-06
1300.000,3.206E-06
1301.000,3.217E-06
1302.000,3.240E-06
1303.000,3.169E-06
1304.000,3.177E-06
1305.000,3.213E-06
1306.000,3.198E-06
1307.000,3.210E-06
1308.000,3.280E-06
1309.000,3.244E-06
1310.000,3.210E-06
1311.000,3.282E-06
1312.000,3.240E-06
1313.000,3.252E-06
1314.000,3.310E-06
1315.000,3.223E-06
1316.000,3.266E-06
1317.000,3.355E-06
1318.000,3.281E-06
1319.000,3.332E-06
1320.000,3.323E-06
1321.000,3.316E-06
1322.000,3.351E-06
1323.000,3.348E-06
1324.000,3.278E-06
1325.000,3.278E-06
1326.000,3.245E-06
1327.000,3.288E-06
1328.000,3.340E-06
1329.000,3.331E-06
1330.000,3.235E-06
1331.000,3.275E-06
1332.000,3.282E-06
1333.000,3.249E-06
1334.000,3.213E-06
1335.000,3.233E-06
1336.000,3.233E-06
1337.000,3.222E-06
1338.000,3.165E-06
1339.000,3.162E-06
1340.000,3.125E-06
1341.000,3.155E-06
1342.000,3.233E-06
1343.000,3.245E-06
1344.000,3.192E-06
1345.000,3.292E-06
1346.000,3.257E-06
1347.000,3.127E-06
1348.000,3.209E-06
1349.000,3.259E-06
1350.000,3.240E-06
1351.000,3.218E-06
1352.000,3.183E-06
1353.000,3.127E-06
1354.000,3.072E-06
1355.000,2.982E-06
1356.000,3.049E-06
1357.000,3.080E-06
1358.000,3.074E-06
1359.000,2.995E-06
1360.000,3.001E-06
1361.000,2.882E-06
1362.000,2.716E-06
1363.000,2.983E-06
1364.000,3.027E-06
1365.000,2.816E-06
1366.000,3.041E-06
1367.000,3.040E-06
1368.000,2.904E-06
1369.000,2.963E-06
1370.000,2.992E-06
1371.000,2.963E-06
1372.000,3.084E-06
1373.000,3.122E-06
1374.000,3.138E-06
1375.000,3.066E-06
1376.000,2.995E-06
1377.000,3.085E-06
1378.000,3.038E-06
1379.000,2.927E-06
1380.000,2.758E-06
1381.000,2.758E-06
1382.000,2.647E-06
1383.000,2.510E-06
1384.000,2.882E-06
1385.000,2.837E-06
1386.000,2.848E-06
1387.000,2.916E-06
1388.000,2.732E-06
1389.000,2.785E-06
1390.000,2.891E-06
1391.000,2.924E-06
1392.000,2.716E-06
1393.000,2.709E-06
1394.000,2.803E-06
1395.000,2.665E-06
1396.000,2.592E-06
1397.000,2.807E-06
1398.000,2.953E-06
1399.000,2.778E-06
1400.000,2.553E-06
1401.000,2.612E-06
1402.000,2.821E-06
1403.000,2.936E-06
1404.000,2.703E-06
1405.000,2.640E-06
1406.000,2.795E-06
1407.000,2.747E-06
1408.000,2.741E-06
1409.000,2.691E-06
1410.000,2.671E-06
1411.000,2.803E-06
1412.000,2.787E-06
1413.000,2.715E-06
1414.000,2.592E-06
1415.000,2.640E-06
1416.000,2.730E-06
1417.000,2.716E-06
1418.000,2.663E-06
1419.000,2.637E-06
1420.000,2.670E-06
1421.000,2.705E-06
1422.000,2.740E-06
1423.000,2.689E-06
1424.000,2.687E-06
1425.000,2.813E-06
1426.000,2.805E-06
1427.000,2.737E-06
1428.000,2.739E-06
1429.000,2.760E-06
1430.000,2.819E-06
1431.000,2.796E-06
1432.000,2.755E-06
1433.000,2.761E-06
1434.000,2.835E-06
1435.000,2.802E-06
1436.000,2.789E-06
1437.000,2.741E-06
1438.000,2.755E-06
1439.000,2.771E-06
1440.000,2.761E-06
1441.000,2.726E-06
1442.000,2.698E-06
1443.000,2.695E-06
1444.000,2.711E-06
1445.000,2.612E-06
1446.000,2.603E-06
1447.000,2.659E-06
1448.000,2.755E-06
1449.000,2.712E-06
1450.000,2.621E-06
1451.000,2.655E-06
1452.000,2.663E-06
1453.000,2.580E-06
1454.000,2.620E-06
1455.000,2.577E-06
1456.000,2.500E-06
1457.000,2.564E-06
1458.000,2.602E-06
1459.000,2.531E-06
1460.000,2.511E-06
1461.000,2.527E-06
1462.000,2.553E-06
1463.000,2.575E-06
1464.000,2.585E-06
1465.000,2.602E-06
1466.000,2.525E-06
1467.000,2.522E-06
1468.000,2.582E-06
1469.000,2.621E-06
1470.000,2.575E-06
1471.000,2.579E-06
1472.000,2.565E-06
1473.000,2.547E-06
1474.000,2.534E-06
1475.000,2.550E-06
1476.000,2.516E-06
1477.000,2.541E-06
1478.000,2.467E-06
1479.000,2.431E-06
1480.000,2.483E-06
1481.000,2.477E-06
1482.000,2.370E-06
1483.000,2.391E-06
1484.000,2.382E-06
1485.000,2.370E-06
1486.000,2.345E-06
1487.000,2.321E-06
1488.000,2.335E-06
1489.000,2.338E-06
1490.000,2.286E-06
1491.000,2.267E-06
1492.000,2.307E-06
1493.000,2.280E-06
1494.000,2.224E-06
1495.000,2.256E-06
1496.000,2.272E-06
1497.000,2.261E-06
1498.000,2.208E-06
1499.000,2.204E-06
1500.000,2.253E-06
1501.000,2.219E-06
1502.000,2.170E-06
1503.000,2.158E-06
1504.000,2.208E-06
1505.000,2.176E-06
1506.000,2.134E-06
1507.000,2.109E-06
1508.000,2.105E-06
1509.000,2.096E-06
1510.000,2.082E-06
1511.000,2.044E-06
1512.000,2.081E-06
1513.000,2.064E-06
1514.000,2.053E-06
1515.000,2.101E-06
1516.000,2.104E-06
1517.000,2.047E-06
1518.000,2.090E-06
1519.000,2.108E-06
1520.000,2.054E-06
1521.000,2.029E-06
1522.000,2.084E-06
1523.000,2.031E-06
1524.000,2.007E-06
1525.000,2.023E-06
1526.000,2.055E-06
1527.000,2.009E-06
1528.000,1.972E-06
1529.000,2.049E-06
1530.000,2.075E-06
1531.000,1.972E-06
1532.000,1.970E-06
1533.000,2.011E-06
1534.000,1.915E-06
1535.000,1.884E-06
1536.000,1.887E-06
1537.000,1.824E-06
1538.000,1.783E-06
1539.000,1.761E-06
1540.000,1.760E-06
1541.000,1.795E-06
1542.000,1.740E-06
1543.000,1.695E-06
1544.000,1.668E-06
1545.000,1.642E-06
1546.000,1.593E-06
1547.000,1.601E-06
1548.000,1.610E-06
1549.000,1.569E-06
1550.000,1.521E-06
1551.000,1.534E-06
1552.000,1.493E-06
1553.000,1.481E-06
1554.000,1.441E-06
1555.000,1.411E-06
1556.000,1.374E-06
1557.000,1.356E-06
1558.000,1.354E-06
1559.000,1.334E-06
1560.000,1.273E-06
1561.000,1.244E-06
1562.000,1.272E-06
1563.000,1.265E-06
1564.000,1.238E-06
1565.000,1.199E-06
1566.000,1.161E-06
1567.000,1.152E-06
1568.000,1.142E-06
1569.000,1.099E-06
1570.000,1.057E-06
1571.000,1.043E-06
1572.000,1.037E-06
1573.000,1.020E-06
1574.000,9.612E-07
1575.000,9.443E-07
1576.000,9.361E-07
1577.000,9.028E-07
1578.000,8.838E-07
1579.000,8.755E-07
1580.000,8.245E-07
1581.000,7.776E-07
1582.000,7.882E-07
1583.000,8.029E-07
1584.000,7.263E-07
1585.000,6.872E-07
1586.000,6.788E-07
1587.000,6.450E-07
1588.000,6.003E-07
1589.000,6.105E-07
1590.000,5.993E-07
1591.000,5.589E-07
1592.000,5.204E-07
1593.000,5.282E-07
1594.000,5.196E-07
1595.000,4.743E-07
1596.000,4.564E-07
1597.000,4.616E-07
1598.000,4.367E-07
1599.000,4.146E-07
1600.000,3.904E-07
