IstTemp[K]=293.00

 600.000,9.082E-07
 601.000,9.287E-07
 602.000,9.349E-07
 603.000,9.506E-07
 604.000,9.536E-07
 605.000,9.660E-07
 606.000,9.680E-07
 607.000,9.765E-07
 608.000,9.798E-07
 609.000,9.976E-07
 610.000,1.005E-06
 611.000,1.020E-06
 612.000,1.035E-06
 613.000,1.031E-06
 614.000,1.039E-06
 615.000,1.048E-06
 616.000,1.056E-06
 617.000,1.048E-06
 618.000,1.065E-06
 619.000,1.075E-06
 620.000,1.082E-06
 621.000,1.089E-06
 622.000,1.107E-06
 623.000,1.097E-06
 624.000,1.104E-06
 625.000,1.112E-06
 626.000,1.120E-06
 627.000,1.140E-06
 628.000,1.156E-06
 629.000,1.157E-06
 630.000,1.155E-06
 631.000,1.157E-06
 632.000,1.155E-06
 633.000,1.179E-06
 634.000,1.180E-06
 635.000,1.192E-06
 636.000,1.193E-06
 637.000,1.191E-06
 638.000,1.194E-06
 639.000,1.190E-06
 640.000,1.217E-06
 641.000,1.230E-06
 642.000,1.272E-06
 643.000,1.289E-06
 644.000,1.303E-06
 645.000,1.310E-06
 646.000,1.304E-06
 647.000,1.309E-06
 648.000,1.321E-06
 649.000,1.315E-06
 650.000,1.307E-06
 651.000,1.320E-06
 652.000,1.335E-06
 653.000,1.349E-06
 654.000,1.353E-06
 655.000,1.348E-06
 656.000,1.373E-06
 657.000,1.380E-06
 658.000,1.391E-06
 659.000,1.401E-06
 660.000,1.412E-06
 661.000,1.408E-06
 662.000,1.419E-06
 663.000,1.421E-06
 664.000,1.428E-06
 665.000,1.434E-06
 666.000,1.448E-06
 667.000,1.447E-06
 668.000,1.453E-06
 669.000,1.461E-06
 670.000,1.478E-06
 671.000,1.488E-06
 672.000,1.506E-06
 673.000,1.506E-06
 674.000,1.507E-06
 675.000,1.506E-06
 676.000,1.521E-06
 677.000,1.524E-06
 678.000,1.529E-06
 679.000,1.531E-06
 680.000,1.541E-06
 681.000,1.551E-06
 682.000,1.568E-06
 683.000,1.574E-06
 684.000,1.587E-06
 685.000,1.586E-06
 686.000,1.575E-06
 687.000,1.578E-06
 688.000,1.585E-06
 689.000,1.594E-06
 690.000,1.599E-06
 691.000,1.615E-06
 692.000,1.612E-06
 693.000,1.616E-06
 694.000,1.617E-06
 695.000,1.615E-06
 696.000,1.642E-06
 697.000,1.652E-06
 698.000,1.669E-06
 699.000,1.681E-06
 700.000,1.690E-06
 701.000,1.689E-06
 702.000,1.686E-06
 703.000,1.696E-06
 704.000,1.703E-06
 705.000,1.705E-06
 706.000,1.716E-06
 707.000,1.715E-06
 708.000,1.715E-06
 709.000,1.731E-06
 710.000,1.727E-06
 711.000,1.740E-06
 712.000,1.740E-06
 713.000,1.736E-06
 714.000,1.737E-06
 715.000,1.734E-06
 716.000,1.754E-06
 717.000,1.763E-06
 718.000,1.770E-06
 719.000,1.765E-06
 720.000,1.763E-06
 721.000,1.754E-06
 722.000,1.761E-06
 723.000,1.761E-06
 724.000,1.771E-06
 725.000,1.773E-06
 726.000,1.774E-06
 727.000,1.789E-06
 728.000,1.795E-06
 729.000,1.811E-06
 730.000,1.817E-06
 731.000,1.842E-06
 732.000,1.835E-06
 733.000,1.842E-06
 734.000,1.827E-06
 735.000,1.830E-06
 736.000,1.835E-06
 737.000,1.842E-06
 738.000,1.868E-06
 739.000,1.857E-06
 740.000,1.856E-06
 741.000,1.874E-06
 742.000,1.863E-06
 743.000,1.885E-06
 744.000,1.878E-06
 745.000,1.892E-06
 746.000,1.890E-06
 747.000,1.884E-06
 748.000,1.885E-06
 749.000,1.873E-06
 750.000,1.866E-06
 751.000,1.881E-06
 752.000,1.903E-06
 753.000,1.895E-06
 754.000,1.913E-06
 755.000,1.915E-06
 756.000,1.935E-06
 757.000,1.938E-06
 758.000,1.940E-06
 759.000,1.968E-06
 760.000,1.978E-06
 761.000,2.004E-06
 762.000,2.010E-06
 763.000,1.995E-06
 764.000,1.981E-06
 765.000,1.977E-06
 766.000,1.989E-06
 767.000,1.987E-06
 768.000,1.982E-06
 769.000,1.981E-06
 770.000,1.985E-06
 771.000,1.987E-06
 772.000,1.978E-06
 773.000,1.967E-06
 774.000,2.006E-06
 775.000,2.005E-06
 776.000,2.010E-06
 777.000,2.017E-06
 778.000,2.019E-06
 779.000,2.035E-06
 780.000,2.055E-06
 781.000,2.058E-06
 782.000,2.035E-06
 783.000,2.039E-06
 784.000,2.038E-06
 785.000,2.048E-06
 786.000,2.058E-06
 787.000,2.070E-06
 788.000,2.069E-06
 789.000,2.062E-06
 790.000,2.050E-06
 791.000,2.052E-06
 792.000,2.067E-06
 793.000,2.069E-06
 794.000,2.063E-06
 795.000,2.069E-06
 796.000,2.081E-06
 797.000,2.092E-06
 798.000,2.102E-06
 799.000,2.120E-06
 800.000,2.141E-06
 801.000,2.146E-06
 802.000,2.118E-06
 803.000,2.093E-06
 804.000,2.082E-06
 805.000,2.086E-06
 806.000,2.093E-06
 807.000,2.110E-06
 808.000,2.100E-06
 809.000,2.117E-06
 810.000,2.129E-06
 811.000,2.141E-06
 812.000,2.138E-06
 813.000,2.120E-06
 814.000,2.150E-06
 815.000,2.145E-06
 816.000,2.137E-06
 817.000,2.128E-06
 818.000,2.115E-06
 819.000,2.122E-06
 820.000,2.140E-06
 821.000,2.127E-06
 822.000,2.118E-06
 823.000,2.099E-06
 824.000,2.107E-06
 825.000,2.149E-06
 826.000,2.136E-06
 827.000,2.135E-06
 828.000,2.120E-06
 829.000,2.129E-06
 830.000,2.131E-06
 831.000,2.117E-06
 832.000,2.118E-06
 833.000,2.119E-06
 834.000,2.136E-06
 835.000,2.155E-06
 836.000,2.173E-06
 837.000,2.211E-06
 838.000,2.190E-06
 839.000,2.178E-06
 840.000,2.167E-06
 841.000,2.178E-06
 842.000,2.170E-06
 843.000,2.159E-06
 844.000,2.170E-06
 845.000,2.155E-06
 846.000,2.127E-06
 847.000,2.114E-06
 848.000,2.120E-06
 849.000,2.133E-06
 850.000,2.164E-06
 851.000,2.174E-06
 852.000,2.201E-06
 853.000,2.218E-06
 854.000,2.232E-06
 855.000,2.240E-06
 856.000,2.252E-06
 857.000,2.276E-06
 858.000,2.238E-06
 859.000,2.254E-06
 860.000,2.230E-06
 861.000,2.280E-06
 862.000,2.283E-06
 863.000,2.281E-06
 864.000,2.269E-06
 865.000,2.278E-06
 866.000,2.260E-06
 867.000,2.252E-06
 868.000,2.258E-06
 869.000,2.253E-06
 870.000,2.261E-06
 871.000,2.270E-06
 872.000,2.285E-06
 873.000,2.269E-06
 874.000,2.261E-06
 875.000,2.264E-06
 876.000,2.262E-06
 877.000,2.296E-06
 878.000,2.304E-06
 879.000,2.318E-06
 880.000,2.355E-06
 881.000,2.309E-06
 882.000,2.296E-06
 883.000,2.289E-06
 884.000,2.283E-06
 885.000,2.293E-06
 886.000,2.289E-06
 887.000,2.292E-06
 888.000,2.321E-06
 889.000,2.291E-06
 890.000,2.292E-06
 891.000,2.308E-06
 892.000,2.314E-06
 893.000,2.326E-06
 894.000,2.317E-06
 895.000,2.306E-06
 896.000,2.314E-06
 897.000,2.323E-06
 898.000,2.311E-06
 899.000,2.329E-06
 900.000,2.331E-06
 901.000,2.312E-06
 902.000,2.309E-06
 903.000,2.314E-06
 904.000,2.330E-06
 905.000,2.320E-06
 906.000,2.301E-06
 907.000,2.275E-06
 908.000,2.265E-06
 909.000,2.246E-06
 910.000,2.239E-06
 911.000,2.238E-06
 912.000,2.234E-06
 913.000,2.216E-06
 914.000,2.210E-06
 915.000,2.206E-06
 916.000,2.207E-06
 917.000,2.207E-06
 918.000,2.221E-06
 919.000,2.213E-06
 920.000,2.209E-06
 921.000,2.198E-06
 922.000,2.223E-06
 923.000,2.222E-06
 924.000,2.223E-06
 925.000,2.218E-06
 926.000,2.228E-06
 927.000,2.216E-06
 928.000,2.237E-06
 929.000,2.211E-06
 930.000,2.255E-06
 931.000,2.247E-06
 932.000,2.251E-06
 933.000,2.269E-06
 934.000,2.256E-06
 935.000,2.282E-06
 936.000,2.297E-06
 937.000,2.306E-06
 938.000,2.313E-06
 939.000,2.308E-06
 940.000,2.279E-06
 941.000,2.271E-06
 942.000,2.245E-06
 943.000,2.270E-06
 944.000,2.252E-06
 945.000,2.230E-06
 946.000,2.248E-06
 947.000,2.249E-06
 948.000,2.238E-06
 949.000,2.233E-06
 950.000,2.216E-06
 951.000,2.236E-06
 952.000,2.241E-06
 953.000,2.260E-06
 954.000,2.286E-06
 955.000,2.289E-06
 956.000,2.290E-06
 957.000,2.286E-06
 958.000,2.279E-06
 959.000,2.281E-06
 960.000,2.275E-06
 961.000,2.273E-06
 962.000,2.274E-06
 963.000,2.277E-06
 964.000,2.270E-06
 965.000,2.290E-06
 966.000,2.260E-06
 967.000,2.244E-06
 968.000,2.227E-06
 969.000,2.261E-06
 970.000,2.254E-06
 971.000,2.275E-06
 972.000,2.283E-06
 973.000,2.274E-06
 974.000,2.272E-06
 975.000,2.275E-06
 976.000,2.283E-06
 977.000,2.277E-06
 978.000,2.289E-06
 979.000,2.295E-06
 980.000,2.274E-06
 981.000,2.252E-06
 982.000,2.255E-06
 983.000,2.232E-06
 984.000,2.257E-06
 985.000,2.261E-06
 986.000,2.237E-06
 987.000,2.251E-06
 988.000,2.262E-06
 989.000,2.259E-06
 990.000,2.274E-06
 991.000,2.262E-06
 992.000,2.252E-06
 993.000,2.271E-06
 994.000,2.292E-06
 995.000,2.266E-06
 996.000,2.234E-06
 997.000,2.252E-06
 998.000,2.253E-06
 999.000,2.250E-06
1000.000,2.218E-06
1001.000,2.228E-06
1002.000,2.218E-06
1003.000,2.212E-06
1004.000,2.210E-06
1005.000,2.208E-06
1006.000,2.193E-06
1007.000,2.219E-06
1008.000,2.209E-06
1009.000,2.216E-06
1010.000,2.220E-06
1011.000,2.194E-06
1012.000,2.214E-06
1013.000,2.237E-06
1014.000,2.216E-06
1015.000,2.172E-06
1016.000,2.166E-06
1017.000,2.173E-06
1018.000,2.192E-06
1019.000,2.198E-06
1020.000,2.202E-06
1021.000,2.193E-06
1022.000,2.216E-06
1023.000,2.207E-06
1024.000,2.248E-06
1025.000,2.251E-06
1026.000,2.210E-06
1027.000,2.198E-06
1028.000,2.206E-06
1029.000,2.224E-06
1030.000,2.254E-06
1031.000,2.300E-06
1032.000,2.257E-06
1033.000,2.196E-06
1034.000,2.181E-06
1035.000,2.182E-06
1036.000,2.175E-06
1037.000,2.182E-06
1038.000,2.193E-06
1039.000,2.177E-06
1040.000,2.211E-06
1041.000,2.198E-06
1042.000,2.168E-06
1043.000,2.201E-06
1044.000,2.190E-06
1045.000,2.188E-06
1046.000,2.201E-06
1047.000,2.213E-06
1048.000,2.156E-06
1049.000,2.164E-06
1050.000,2.138E-06
1051.000,2.168E-06
1052.000,2.210E-06
1053.000,2.211E-06
1054.000,2.195E-06
1055.000,2.197E-06
1056.000,2.205E-06
1057.000,2.200E-06
1058.000,2.207E-06
1059.000,2.211E-06
1060.000,2.173E-06
1061.000,2.156E-06
1062.000,2.167E-06
1063.000,2.186E-06
1064.000,2.164E-06
1065.000,2.217E-06
1066.000,2.242E-06
1067.000,2.207E-06
1068.000,2.191E-06
1069.000,2.198E-06
1070.000,2.204E-06
1071.000,2.158E-06
1072.000,2.131E-06
1073.000,2.110E-06
1074.000,2.088E-06
1075.000,2.108E-06
1076.000,2.132E-06
1077.000,2.133E-06
1078.000,2.142E-06
1079.000,2.157E-06
1080.000,2.169E-06
1081.000,2.120E-06
1082.000,2.155E-06
1083.000,2.154E-06
1084.000,2.125E-06
1085.000,2.154E-06
1086.000,2.169E-06
1087.000,2.190E-06
1088.000,2.191E-06
1089.000,2.174E-06
1090.000,2.184E-06
1091.000,2.174E-06
1092.000,2.167E-06
1093.000,2.167E-06
1094.000,2.182E-06
1095.000,2.179E-06
1096.000,2.145E-06
1097.000,2.145E-06
1098.000,2.153E-06
1099.000,2.155E-06
1100.000,2.155E-06
1101.000,2.135E-06
1102.000,2.134E-06
1103.000,2.140E-06
1104.000,2.133E-06
1105.000,2.125E-06
1106.000,2.181E-06
1107.000,2.204E-06
1108.000,2.162E-06
1109.000,2.124E-06
1110.000,2.108E-06
1111.000,2.081E-06
1112.000,2.082E-06
1113.000,2.104E-06
1114.000,2.085E-06
1115.000,2.043E-06
1116.000,2.032E-06
1117.000,2.042E-06
1118.000,2.058E-06
1119.000,2.084E-06
1120.000,2.099E-06
1121.000,2.085E-06
1122.000,2.109E-06
1123.000,2.096E-06
1124.000,2.063E-06
1125.000,2.043E-06
1126.000,2.079E-06
1127.000,2.106E-06
1128.000,2.091E-06
1129.000,2.096E-06
1130.000,2.093E-06
1131.000,2.072E-06
1132.000,2.054E-06
1133.000,2.042E-06
1134.000,2.020E-06
1135.000,2.028E-06
1136.000,2.057E-06
1137.000,2.067E-06
1138.000,2.001E-06
1139.000,1.981E-06
1140.000,1.985E-06
1141.000,2.033E-06
1142.000,2.043E-06
1143.000,2.049E-06
1144.000,2.007E-06
1145.000,2.005E-06
1146.000,2.008E-06
1147.000,2.021E-06
1148.000,1.999E-06
1149.000,2.009E-06
1150.000,2.015E-06
1151.000,2.000E-06
1152.000,1.972E-06
1153.000,2.011E-06
1154.000,2.015E-06
1155.000,1.982E-06
1156.000,1.975E-06
1157.000,1.961E-06
1158.000,1.927E-06
1159.000,1.957E-06
1160.000,1.980E-06
1161.000,1.979E-06
1162.000,1.934E-06
1163.000,1.947E-06
1164.000,1.970E-06
1165.000,1.946E-06
1166.000,1.955E-06
1167.000,1.987E-06
1168.000,1.964E-06
1169.000,1.970E-06
1170.000,1.994E-06
1171.000,1.969E-06
1172.000,1.970E-06
1173.000,1.953E-06
1174.000,1.950E-06
1175.000,1.936E-06
1176.000,1.954E-06
1177.000,1.995E-06
1178.000,1.983E-06
1179.000,1.950E-06
1180.000,1.958E-06
1181.000,1.955E-06
1182.000,1.934E-06
1183.000,1.948E-06
1184.000,1.998E-06
1185.000,1.980E-06
1186.000,1.937E-06
1187.000,1.959E-06
1188.000,2.003E-06
1189.000,1.987E-06
1190.000,2.003E-06
1191.000,1.993E-06
1192.000,1.957E-06
1193.000,1.951E-06
1194.000,1.936E-06
1195.000,1.928E-06
1196.000,1.915E-06
1197.000,1.869E-06
1198.000,1.879E-06
1199.000,1.878E-06
1200.000,1.864E-06
1201.000,1.858E-06
1202.000,1.859E-06
1203.000,1.876E-06
1204.000,1.862E-06
1205.000,1.811E-06
1206.000,1.786E-06
1207.000,1.833E-06
1208.000,1.863E-06
1209.000,1.855E-06
1210.000,1.829E-06
1211.000,1.824E-06
1212.000,1.826E-06
1213.000,1.831E-06
1214.000,1.821E-06
1215.000,1.849E-06
1216.000,1.829E-06
1217.000,1.832E-06
1218.000,1.867E-06
1219.000,1.892E-06
1220.000,1.890E-06
1221.000,1.868E-06
1222.000,1.881E-06
1223.000,1.903E-06
1224.000,1.868E-06
1225.000,1.884E-06
1226.000,1.863E-06
1227.000,1.857E-06
1228.000,1.832E-06
1229.000,1.792E-06
1230.000,1.806E-06
1231.000,1.829E-06
1232.000,1.799E-06
1233.000,1.834E-06
1234.000,1.837E-06
1235.000,1.812E-06
1236.000,1.824E-06
1237.000,1.850E-06
1238.000,1.825E-06
1239.000,1.833E-06
1240.000,1.871E-06
1241.000,1.842E-06
1242.000,1.819E-06
1243.000,1.829E-06
1244.000,1.839E-06
1245.000,1.821E-06
1246.000,1.821E-06
1247.000,1.838E-06
1248.000,1.812E-06
1249.000,1.730E-06
1250.000,1.720E-06
1251.000,1.767E-06
1252.000,1.792E-06
1253.000,1.793E-06
1254.000,1.780E-06
1255.000,1.779E-06
1256.000,1.773E-06
1257.000,1.732E-06
1258.000,1.777E-06
1259.000,1.779E-06
1260.000,1.732E-06
1261.000,1.729E-06
1262.000,1.774E-06
1263.000,1.741E-06
1264.000,1.715E-06
1265.000,1.758E-06
1266.000,1.786E-06
1267.000,1.753E-06
1268.000,1.724E-06
1269.000,1.754E-06
1270.000,1.746E-06
1271.000,1.716E-06
1272.000,1.739E-06
1273.000,1.748E-06
1274.000,1.762E-06
1275.000,1.787E-06
1276.000,1.779E-06
1277.000,1.735E-06
1278.000,1.741E-06
1279.000,1.753E-06
1280.000,1.731E-06
1281.000,1.728E-06
1282.000,1.754E-06
1283.000,1.734E-06
1284.000,1.687E-06
1285.000,1.719E-06
1286.000,1.723E-06
1287.000,1.651E-06
1288.000,1.641E-06
1289.000,1.683E-06
1290.000,1.654E-06
1291.000,1.619E-06
1292.000,1.620E-06
1293.000,1.641E-06
1294.000,1.610E-06
1295.000,1.625E-06
1296.000,1.685E-06
1297.000,1.684E-06
1298.000,1.645E-06
1299.000,1.614E-06
1300.000,1.594E-06
1301.000,1.645E-06
1302.000,1.606E-06
1303.000,1.651E-06
1304.000,1.737E-06
1305.000,1.705E-06
1306.000,1.687E-06
1307.000,1.711E-06
1308.000,1.693E-06
1309.000,1.662E-06
1310.000,1.623E-06
1311.000,1.645E-06
1312.000,1.663E-06
1313.000,1.633E-06
1314.000,1.637E-06
1315.000,1.668E-06
1316.000,1.650E-06
1317.000,1.605E-06
1318.000,1.590E-06
1319.000,1.660E-06
1320.000,1.685E-06
1321.000,1.620E-06
1322.000,1.632E-06
1323.000,1.678E-06
1324.000,1.681E-06
1325.000,1.642E-06
1326.000,1.668E-06
1327.000,1.661E-06
1328.000,1.593E-06
1329.000,1.574E-06
1330.000,1.647E-06
1331.000,1.664E-06
1332.000,1.635E-06
1333.000,1.608E-06
1334.000,1.661E-06
1335.000,1.653E-06
1336.000,1.574E-06
1337.000,1.582E-06
1338.000,1.606E-06
1339.000,1.565E-06
1340.000,1.539E-06
1341.000,1.525E-06
1342.000,1.575E-06
1343.000,1.609E-06
1344.000,1.557E-06
1345.000,1.586E-06
1346.000,1.617E-06
1347.000,1.561E-06
1348.000,1.577E-06
1349.000,1.591E-06
1350.000,1.590E-06
1351.000,1.626E-06
1352.000,1.589E-06
1353.000,1.542E-06
1354.000,1.560E-06
1355.000,1.530E-06
1356.000,1.496E-06
1357.000,1.515E-06
1358.000,1.526E-06
1359.000,1.496E-06
1360.000,1.438E-06
1361.000,1.422E-06
1362.000,1.354E-06
1363.000,1.436E-06
1364.000,1.415E-06
1365.000,1.338E-06
1366.000,1.461E-06
1367.000,1.496E-06
1368.000,1.389E-06
1369.000,1.385E-06
1370.000,1.394E-06
1371.000,1.437E-06
1372.000,1.476E-06
1373.000,1.492E-06
1374.000,1.514E-06
1375.000,1.543E-06
1376.000,1.517E-06
1377.000,1.490E-06
1378.000,1.470E-06
1379.000,1.501E-06
1380.000,1.382E-06
1381.000,1.320E-06
1382.000,1.295E-06
1383.000,1.268E-06
1384.000,1.411E-06
1385.000,1.373E-06
1386.000,1.382E-06
1387.000,1.426E-06
1388.000,1.369E-06
1389.000,1.327E-06
1390.000,1.399E-06
1391.000,1.460E-06
1392.000,1.326E-06
1393.000,1.301E-06
1394.000,1.415E-06
1395.000,1.343E-06
1396.000,1.267E-06
1397.000,1.349E-06
1398.000,1.441E-06
1399.000,1.395E-06
1400.000,1.337E-06
1401.000,1.309E-06
1402.000,1.417E-06
1403.000,1.503E-06
1404.000,1.394E-06
1405.000,1.312E-06
1406.000,1.397E-06
1407.000,1.389E-06
1408.000,1.416E-06
1409.000,1.344E-06
1410.000,1.345E-06
1411.000,1.431E-06
1412.000,1.453E-06
1413.000,1.420E-06
1414.000,1.338E-06
1415.000,1.301E-06
1416.000,1.352E-06
1417.000,1.410E-06
1418.000,1.373E-06
1419.000,1.334E-06
1420.000,1.373E-06
1421.000,1.404E-06
1422.000,1.428E-06
1423.000,1.430E-06
1424.000,1.374E-06
1425.000,1.361E-06
1426.000,1.394E-06
1427.000,1.364E-06
1428.000,1.345E-06
1429.000,1.418E-06
1430.000,1.412E-06
1431.000,1.398E-06
1432.000,1.390E-06
1433.000,1.377E-06
1434.000,1.429E-06
1435.000,1.422E-06
1436.000,1.336E-06
1437.000,1.365E-06
1438.000,1.408E-06
1439.000,1.377E-06
1440.000,1.342E-06
1441.000,1.333E-06
1442.000,1.348E-06
1443.000,1.379E-06
1444.000,1.357E-06
1445.000,1.327E-06
1446.000,1.331E-06
1447.000,1.322E-06
1448.000,1.338E-06
1449.000,1.346E-06
1450.000,1.284E-06
1451.000,1.321E-06
1452.000,1.329E-06
1453.000,1.288E-06
1454.000,1.334E-06
1455.000,1.362E-06
1456.000,1.296E-06
1457.000,1.315E-06
1458.000,1.342E-06
1459.000,1.335E-06
1460.000,1.321E-06
1461.000,1.274E-06
1462.000,1.268E-06
1463.000,1.300E-06
1464.000,1.312E-06
1465.000,1.286E-06
1466.000,1.309E-06
1467.000,1.274E-06
1468.000,1.297E-06
1469.000,1.295E-06
1470.000,1.236E-06
1471.000,1.244E-06
1472.000,1.256E-06
1473.000,1.206E-06
1474.000,1.238E-06
1475.000,1.270E-06
1476.000,1.214E-06
1477.000,1.226E-06
1478.000,1.243E-06
1479.000,1.217E-06
1480.000,1.228E-06
1481.000,1.192E-06
1482.000,1.203E-06
1483.000,1.252E-06
1484.000,1.244E-06
1485.000,1.212E-06
1486.000,1.234E-06
1487.000,1.278E-06
1488.000,1.248E-06
1489.000,1.160E-06
1490.000,1.178E-06
1491.000,1.213E-06
1492.000,1.176E-06
1493.000,1.139E-06
1494.000,1.141E-06
1495.000,1.179E-06
1496.000,1.216E-06
1497.000,1.215E-06
1498.000,1.168E-06
1499.000,1.178E-06
1500.000,1.183E-06
1501.000,1.145E-06
1502.000,1.116E-06
1503.000,1.127E-06
1504.000,1.134E-06
1505.000,1.153E-06
1506.000,1.101E-06
1507.000,1.071E-06
1508.000,1.063E-06
1509.000,1.082E-06
1510.000,1.072E-06
1511.000,1.078E-06
1512.000,1.114E-06
1513.000,1.145E-06
1514.000,1.147E-06
1515.000,1.131E-06
1516.000,1.114E-06
1517.000,1.126E-06
1518.000,1.131E-06
1519.000,1.135E-06
1520.000,1.123E-06
1521.000,1.135E-06
1522.000,1.141E-06
1523.000,1.182E-06
1524.000,1.166E-06
1525.000,1.135E-06
1526.000,1.163E-06
1527.000,1.163E-06
1528.000,1.120E-06
1529.000,1.120E-06
1530.000,1.153E-06
1531.000,1.167E-06
1532.000,1.157E-06
1533.000,1.158E-06
1534.000,1.178E-06
1535.000,1.177E-06
1536.000,1.159E-06
1537.000,1.152E-06
1538.000,1.110E-06
1539.000,1.069E-06
1540.000,1.090E-06
1541.000,1.092E-06
1542.000,1.064E-06
1543.000,1.048E-06
1544.000,1.068E-06
1545.000,1.089E-06
1546.000,1.141E-06
1547.000,1.122E-06
1548.000,1.098E-06
1549.000,1.088E-06
1550.000,1.101E-06
1551.000,1.075E-06
1552.000,1.049E-06
1553.000,1.071E-06
1554.000,1.089E-06
1555.000,1.094E-06
1556.000,1.102E-06
1557.000,1.059E-06
1558.000,1.107E-06
1559.000,1.154E-06
1560.000,1.089E-06
1561.000,1.071E-06
1562.000,1.088E-06
1563.000,1.109E-06
1564.000,1.130E-06
1565.000,1.120E-06
1566.000,1.081E-06
1567.000,1.105E-06
1568.000,1.134E-06
1569.000,1.101E-06
1570.000,1.060E-06
1571.000,1.054E-06
1572.000,1.112E-06
1573.000,1.136E-06
1574.000,1.069E-06
1575.000,1.047E-06
1576.000,1.091E-06
1577.000,1.116E-06
1578.000,1.071E-06
1579.000,1.051E-06
1580.000,1.038E-06
1581.000,1.023E-06
1582.000,1.052E-06
1583.000,1.073E-06
1584.000,1.039E-06
1585.000,1.021E-06
1586.000,1.063E-06
1587.000,1.108E-06
1588.000,1.033E-06
1589.000,1.005E-06
1590.000,1.050E-06
1591.000,1.088E-06
1592.000,1.033E-06
1593.000,9.969E-07
1594.000,1.008E-06
1595.000,1.036E-06
1596.000,1.003E-06
1597.000,9.565E-07
1598.000,9.746E-07
1599.000,9.967E-07
1600.000,9.900E-07
