IstTemp[K]=293.00

 800.000,5.821E-06
 800.350,5.840E-06
 800.700,5.852E-06
 801.050,5.834E-06
 801.400,5.839E-06
 801.750,5.846E-06
 802.100,5.841E-06
 802.450,5.832E-06
 802.800,5.837E-06
 803.150,5.837E-06
 803.500,5.848E-06
 803.850,5.874E-06
 804.200,5.882E-06
 804.550,5.882E-06
 804.900,5.849E-06
 805.250,5.834E-06
 805.600,5.839E-06
 805.950,5.828E-06
 806.300,5.833E-06
 806.650,5.850E-06
 807.000,5.855E-06
 807.350,5.841E-06
 807.700,5.848E-06
 808.050,5.839E-06
 808.400,5.836E-06
 808.750,5.844E-06
 809.100,5.859E-06
 809.450,5.870E-06
 809.800,5.885E-06
 810.150,5.893E-06
 810.500,5.895E-06
 810.850,5.890E-06
 811.200,5.855E-06
 811.550,5.841E-06
 811.900,5.836E-06
 812.250,5.834E-06
 812.600,5.842E-06
 812.950,5.877E-06
 813.300,5.899E-06
 813.650,5.932E-06
 814.000,5.942E-06
 814.350,5.949E-06
 814.700,5.963E-06
 815.050,5.968E-06
 815.400,5.949E-06
 815.750,5.949E-06
 816.100,5.952E-06
 816.450,5.954E-06
 816.800,5.980E-06
 817.150,5.975E-06
 817.500,5.978E-06
 817.850,5.994E-06
 818.200,6.013E-06
 818.550,6.006E-06
 818.900,6.020E-06
 819.250,6.020E-06
 819.600,6.030E-06
 819.950,6.025E-06
 820.300,6.021E-06
 820.650,6.023E-06
 821.000,6.023E-06
 821.350,6.021E-06
 821.700,6.005E-06
 822.050,6.005E-06
 822.400,6.012E-06
 822.750,5.989E-06
 823.100,5.972E-06
 823.450,5.956E-06
 823.800,5.945E-06
 824.150,5.954E-06
 824.500,5.961E-06
 824.850,5.938E-06
 825.200,5.945E-06
 825.550,5.931E-06
 825.900,5.938E-06
 826.250,5.961E-06
 826.600,5.950E-06
 826.950,5.950E-06
 827.300,5.975E-06
 827.650,5.983E-06
 828.000,6.011E-06
 828.350,6.024E-06
 828.700,6.003E-06
 829.050,5.997E-06
 829.400,5.972E-06
 829.750,5.949E-06
 830.100,5.966E-06
 830.450,5.995E-06
 830.800,6.012E-06
 831.150,6.051E-06
 831.500,6.080E-06
 831.850,6.074E-06
 832.200,6.077E-06
 832.550,6.061E-06
 832.900,6.025E-06
 833.250,6.024E-06
 833.600,6.023E-06
 833.950,6.032E-06
 834.300,6.094E-06
 834.650,6.133E-06
 835.000,6.154E-06
 835.350,6.179E-06
 835.700,6.194E-06
 836.050,6.228E-06
 836.400,6.294E-06
 836.750,6.309E-06
 837.100,6.269E-06
 837.450,6.236E-06
 837.800,6.188E-06
 838.150,6.160E-06
 838.500,6.150E-06
 838.850,6.144E-06
 839.200,6.130E-06
 839.550,6.116E-06
 839.900,6.092E-06
 840.250,6.083E-06
 840.600,6.069E-06
 840.950,6.040E-06
 841.300,6.022E-06
 841.650,6.027E-06
 842.000,6.013E-06
 842.350,6.027E-06
 842.700,6.032E-06
 843.050,6.056E-06
 843.400,6.078E-06
 843.750,6.085E-06
 844.100,6.074E-06
 844.450,6.064E-06
 844.800,6.057E-06
 845.150,6.035E-06
 845.500,6.037E-06
 845.850,6.043E-06
 846.200,6.045E-06
 846.550,6.084E-06
 846.900,6.098E-06
 847.250,6.096E-06
 847.600,6.111E-06
 847.950,6.098E-06
 848.300,6.116E-06
 848.650,6.121E-06
 849.000,6.106E-06
 849.350,6.089E-06
 849.700,6.108E-06
 850.050,6.106E-06
 850.400,6.124E-06
 850.750,6.130E-06
 851.100,6.123E-06
 851.450,6.131E-06
 851.800,6.123E-06
 852.150,6.112E-06
 852.500,6.112E-06
 852.850,6.121E-06
 853.200,6.113E-06
 853.550,6.131E-06
 853.900,6.145E-06
 854.250,6.133E-06
 854.600,6.143E-06
 854.950,6.130E-06
 855.300,6.108E-06
 855.650,6.107E-06
 856.000,6.079E-06
 856.350,6.083E-06
 856.700,6.102E-06
 857.050,6.109E-06
 857.400,6.109E-06
 857.750,6.091E-06
 858.100,6.067E-06
 858.450,6.030E-06
 858.800,6.027E-06
 859.150,6.013E-06
 859.500,6.004E-06
 859.850,6.013E-06
 860.200,6.003E-06
 860.550,5.997E-06
 860.900,5.995E-06
 861.250,5.976E-06
 861.600,5.992E-06
 861.950,6.014E-06
 862.300,6.001E-06
 862.650,6.004E-06
 863.000,6.000E-06
 863.350,5.970E-06
 863.700,5.975E-06
 864.050,5.984E-06
 864.400,5.973E-06
 864.750,5.973E-06
 865.100,5.972E-06
 865.450,5.949E-06
 865.800,5.968E-06
 866.150,5.979E-06
 866.500,5.957E-06
 866.850,5.948E-06
 867.200,5.933E-06
 867.550,5.906E-06
 867.900,5.906E-06
 868.250,5.906E-06
 868.600,5.895E-06
 868.950,5.913E-06
 869.300,5.918E-06
 869.650,5.895E-06
 870.000,5.893E-06
 870.350,5.882E-06
 870.700,5.877E-06
 871.050,5.865E-06
 871.400,5.837E-06
 871.750,5.819E-06
 872.100,5.821E-06
 872.450,5.800E-06
 872.800,5.787E-06
 873.150,5.773E-06
 873.500,5.745E-06
 873.850,5.711E-06
 874.200,5.696E-06
 874.550,5.679E-06
 874.900,5.664E-06
 875.250,5.651E-06
 875.600,5.624E-06
 875.950,5.623E-06
 876.300,5.634E-06
 876.650,5.609E-06
 877.000,5.584E-06
 877.350,5.539E-06
 877.700,5.500E-06
 878.050,5.465E-06
 878.400,5.420E-06
 878.750,5.358E-06
 879.100,5.317E-06
 879.450,5.286E-06
 879.800,5.249E-06
 880.150,5.235E-06
 880.500,5.225E-06
 880.850,5.208E-06
 881.200,5.205E-06
 881.550,5.166E-06
 881.900,5.134E-06
 882.250,5.102E-06
 882.600,5.054E-06
 882.950,4.978E-06
 883.300,4.926E-06
 883.650,4.868E-06
 884.000,4.824E-06
 884.350,4.795E-06
 884.700,4.766E-06
 885.050,4.745E-06
 885.400,4.731E-06
 885.750,4.693E-06
 886.100,4.672E-06
 886.450,4.640E-06
 886.800,4.575E-06
 887.150,4.520E-06
 887.500,4.470E-06
 887.850,4.417E-06
 888.200,4.357E-06
 888.550,4.303E-06
 888.900,4.245E-06
 889.250,4.197E-06
 889.600,4.148E-06
 889.950,4.114E-06
 890.300,4.068E-06
 890.650,4.009E-06
 891.000,3.949E-06
 891.350,3.888E-06
 891.700,3.828E-06
 892.050,3.773E-06
 892.400,3.717E-06
 892.750,3.667E-06
 893.100,3.617E-06
 893.450,3.558E-06
 893.800,3.495E-06
 894.150,3.436E-06
 894.500,3.374E-06
 894.850,3.314E-06
 895.200,3.262E-06
 895.550,3.218E-06
 895.900,3.177E-06
 896.250,3.128E-06
 896.600,3.081E-06
 896.950,3.023E-06
 897.300,2.964E-06
 897.650,2.912E-06
 898.000,2.857E-06
 898.350,2.808E-06
 898.700,2.755E-06
 899.050,2.704E-06
 899.400,2.655E-06
 899.750,2.602E-06
 900.100,2.551E-06
 900.450,2.498E-06
 900.800,2.444E-06
 901.150,2.395E-06
 901.500,2.345E-06
 901.850,2.290E-06
 902.200,2.242E-06
 902.550,2.195E-06
 902.900,2.151E-06
 903.250,2.112E-06
 903.600,2.069E-06
 903.950,2.018E-06
 904.300,1.974E-06
 904.650,1.927E-06
 905.000,1.885E-06
 905.350,1.838E-06
 905.700,1.795E-06
 906.050,1.752E-06
 906.400,1.721E-06
 906.750,1.692E-06
 907.100,1.667E-06
 907.450,1.638E-06
 907.800,1.609E-06
 908.150,1.573E-06
 908.500,1.531E-06
 908.850,1.493E-06
 909.200,1.460E-06
 909.550,1.431E-06
 909.900,1.403E-06
 910.250,1.377E-06
 910.600,1.357E-06
 910.950,1.331E-06
 911.300,1.301E-06
 911.650,1.273E-06
 912.000,1.246E-06
 912.350,1.221E-06
 912.700,1.195E-06
 913.050,1.172E-06
 913.400,1.152E-06
 913.750,1.136E-06
 914.100,1.120E-06
 914.450,1.100E-06
 914.800,1.080E-06
 915.150,1.058E-06
 915.500,1.036E-06
 915.850,1.014E-06
 916.200,9.977E-07
 916.550,9.821E-07
 916.900,9.691E-07
 917.250,9.520E-07
 917.600,9.363E-07
 917.950,9.239E-07
 918.300,9.146E-07
 918.650,9.079E-07
 919.000,9.014E-07
 919.350,8.925E-07
 919.700,8.813E-07
 920.050,8.712E-07
 920.400,8.600E-07
 920.750,8.499E-07
 921.100,8.427E-07
 921.450,8.343E-07
 921.800,8.310E-07
 922.150,8.273E-07
 922.500,8.243E-07
 922.850,8.249E-07
 923.200,8.213E-07
 923.550,8.199E-07
 923.900,8.192E-07
 924.250,8.135E-07
 924.600,8.079E-07
 924.950,8.039E-07
 925.300,8.004E-07
 925.650,7.987E-07
 926.000,7.969E-07
 926.350,7.953E-07
 926.700,7.941E-07
 927.050,7.918E-07
 927.400,7.897E-07
 927.750,7.871E-07
 928.100,7.850E-07
 928.450,7.800E-07
 928.800,7.766E-07
 929.150,7.730E-07
 929.500,7.704E-07
 929.850,7.703E-07
 930.200,7.706E-07
 930.550,7.687E-07
 930.900,7.670E-07
 931.250,7.636E-07
 931.600,7.592E-07
 931.950,7.591E-07
 932.300,7.578E-07
 932.650,7.570E-07
 933.000,7.549E-07
 933.350,7.504E-07
 933.700,7.517E-07
 934.050,7.484E-07
 934.400,7.464E-07
 934.750,7.475E-07
 935.100,7.462E-07
 935.450,7.468E-07
 935.800,7.463E-07
 936.150,7.432E-07
 936.500,7.394E-07
 936.850,7.365E-07
 937.200,7.306E-07
 937.550,7.280E-07
 937.900,7.228E-07
 938.250,7.210E-07
 938.600,7.210E-07
 938.950,7.214E-07
 939.300,7.233E-07
 939.650,7.265E-07
 940.000,7.280E-07
 940.350,7.327E-07
 940.700,7.343E-07
 941.050,7.347E-07
 941.400,7.330E-07
 941.750,7.316E-07
 942.100,7.304E-07
 942.450,7.290E-07
 942.800,7.249E-07
 943.150,7.264E-07
 943.500,7.295E-07
 943.850,7.349E-07
 944.200,7.400E-07
 944.550,7.406E-07
 944.900,7.460E-07
 945.250,7.511E-07
 945.600,7.556E-07
 945.950,7.587E-07
 946.300,7.634E-07
 946.650,7.671E-07
 947.000,7.713E-07
 947.350,7.731E-07
 947.700,7.766E-07
 948.050,7.791E-07
 948.400,7.859E-07
 948.750,7.931E-07
 949.100,8.026E-07
 949.450,8.106E-07
 949.800,8.174E-07
 950.150,8.239E-07
 950.500,8.326E-07
 950.850,8.395E-07
 951.200,8.433E-07
 951.550,8.467E-07
 951.900,8.509E-07
 952.250,8.590E-07
 952.600,8.686E-07
 952.950,8.799E-07
 953.300,8.930E-07
 953.650,9.052E-07
 954.000,9.162E-07
 954.350,9.233E-07
 954.700,9.298E-07
 955.050,9.313E-07
 955.400,9.346E-07
 955.750,9.414E-07
 956.100,9.476E-07
 956.450,9.554E-07
 956.800,9.628E-07
 957.150,9.724E-07
 957.500,9.844E-07
 957.850,9.935E-07
 958.200,9.979E-07
 958.550,9.996E-07
 958.900,9.996E-07
 959.250,1.000E-06
 959.600,1.000E-06
 959.950,9.946E-07
 960.300,9.907E-07
 960.650,9.889E-07
 961.000,9.895E-07
 961.350,9.912E-07
 961.700,9.917E-07
 962.050,9.930E-07
 962.400,9.933E-07
 962.750,9.916E-07
 963.100,9.876E-07
 963.450,9.812E-07
 963.800,9.735E-07
 964.150,9.639E-07
 964.500,9.547E-07
 964.850,9.471E-07
 965.200,9.383E-07
 965.550,9.280E-07
 965.900,9.181E-07
 966.250,9.047E-07
 966.600,8.916E-07
 966.950,8.780E-07
 967.300,8.611E-07
 967.650,8.419E-07
 968.000,8.187E-07
 968.350,7.935E-07
 968.700,7.632E-07
 969.050,7.259E-07
 969.400,6.809E-07
 969.750,6.274E-07
 970.100,5.669E-07
 970.450,4.963E-07
 970.800,4.152E-07
 971.150,3.279E-07
 971.500,2.395E-07
 971.850,1.628E-07
 972.200,1.009E-07
 972.550,5.611E-08
 972.900,2.884E-08
 973.250,1.404E-08
 973.600,7.455E-09
 973.950,4.691E-09
 974.300,3.522E-09
 974.650,3.229E-09
 975.000,3.005E-09
 975.350,3.099E-09
 975.700,3.038E-09
 976.050,2.957E-09
 976.400,3.085E-09
 976.750,3.118E-09
 977.100,3.253E-09
 977.450,3.312E-09
 977.800,3.768E-09
 978.150,4.362E-09
 978.500,5.379E-09
 978.850,7.596E-09
 979.200,1.149E-08
 979.550,1.877E-08
 979.900,3.019E-08
 980.250,4.956E-08
 980.600,7.841E-08
 980.950,1.176E-07
 981.300,1.710E-07
 981.650,2.362E-07
 982.000,3.174E-07
 982.350,4.086E-07
 982.700,5.136E-07
 983.050,6.191E-07
 983.400,7.314E-07
 983.750,8.452E-07
 984.100,9.558E-07
 984.450,1.063E-06
 984.800,1.165E-06
 985.150,1.266E-06
 985.500,1.360E-06
 985.850,1.449E-06
 986.200,1.529E-06
 986.550,1.600E-06
 986.900,1.669E-06
 987.250,1.734E-06
 987.600,1.789E-06
 987.950,1.846E-06
 988.300,1.904E-06
 988.650,1.956E-06
 989.000,2.010E-06
 989.350,2.060E-06
 989.700,2.100E-06
 990.050,2.138E-06
 990.400,2.175E-06
 990.750,2.206E-06
 991.100,2.243E-06
 991.450,2.280E-06
 991.800,2.316E-06
 992.150,2.349E-06
 992.500,2.374E-06
 992.850,2.401E-06
 993.200,2.425E-06
 993.550,2.460E-06
 993.900,2.489E-06
 994.250,2.518E-06
 994.600,2.544E-06
 994.950,2.577E-06
 995.300,2.613E-06
 995.650,2.647E-06
 996.000,2.676E-06
 996.350,2.708E-06
 996.700,2.735E-06
 997.050,2.762E-06
 997.400,2.784E-06
 997.750,2.794E-06
 998.100,2.794E-06
 998.450,2.801E-06
 998.800,2.812E-06
 999.150,2.834E-06
 999.500,2.866E-06
 999.850,2.898E-06
1000.200,2.951E-06
1000.550,3.001E-06
1000.900,3.049E-06
1001.250,3.090E-06
1001.600,3.117E-06
1001.950,3.137E-06
1002.300,3.162E-06
1002.650,3.180E-06
1003.000,3.199E-06
1003.350,3.215E-06
1003.700,3.233E-06
1004.050,3.246E-06
1004.400,3.266E-06
1004.750,3.307E-06
1005.100,3.356E-06
1005.450,3.416E-06
1005.800,3.464E-06
1006.150,3.530E-06
1006.500,3.579E-06
1006.850,3.622E-06
1007.200,3.675E-06
1007.550,3.706E-06
1007.900,3.716E-06
1008.250,3.732E-06
1008.600,3.754E-06
1008.950,3.774E-06
1009.300,3.808E-06
1009.650,3.844E-06
1010.000,3.872E-06
1010.350,3.927E-06
1010.700,3.976E-06
1011.050,4.045E-06
1011.400,4.098E-06
1011.750,4.149E-06
1012.100,4.201E-06
1012.450,4.271E-06
1012.800,4.317E-06
1013.150,4.345E-06
1013.500,4.369E-06
1013.850,4.390E-06
1014.200,4.422E-06
1014.550,4.477E-06
1014.900,4.523E-06
1015.250,4.556E-06
1015.600,4.594E-06
1015.950,4.620E-06
1016.300,4.688E-06
1016.650,4.764E-06
1017.000,4.829E-06
1017.350,4.865E-06
1017.700,4.907E-06
1018.050,4.929E-06
1018.400,4.983E-06
1018.750,5.022E-06
1019.100,5.060E-06
1019.450,5.094E-06
1019.800,5.129E-06
1020.150,5.149E-06
1020.500,5.202E-06
1020.850,5.249E-06
1021.200,5.297E-06
1021.550,5.336E-06
1021.900,5.395E-06
1022.250,5.431E-06
1022.600,5.487E-06
1022.950,5.529E-06
1023.300,5.569E-06
1023.650,5.631E-06
1024.000,5.673E-06
1024.350,5.697E-06
1024.700,5.747E-06
1025.050,5.761E-06
1025.400,5.777E-06
1025.750,5.790E-06
1026.100,5.805E-06
1026.450,5.815E-06
1026.800,5.846E-06
1027.150,5.864E-06
1027.500,5.919E-06
1027.850,5.983E-06
1028.200,6.032E-06
1028.550,6.078E-06
1028.900,6.107E-06
1029.250,6.107E-06
1029.600,6.115E-06
1029.950,6.143E-06
1030.300,6.175E-06
1030.650,6.207E-06
1031.000,6.249E-06
1031.350,6.272E-06
1031.700,6.300E-06
1032.050,6.345E-06
1032.400,6.371E-06
1032.750,6.423E-06
1033.100,6.474E-06
1033.450,6.498E-06
1033.800,6.513E-06
1034.150,6.511E-06
1034.500,6.499E-06
1034.850,6.508E-06
1035.200,6.517E-06
1035.550,6.500E-06
1035.900,6.526E-06
1036.250,6.558E-06
1036.600,6.603E-06
1036.950,6.668E-06
1037.300,6.696E-06
1037.650,6.711E-06
1038.000,6.736E-06
1038.350,6.730E-06
1038.700,6.727E-06
1039.050,6.783E-06
1039.400,6.839E-06
1039.750,6.890E-06
1040.100,6.923E-06
1040.450,6.913E-06
1040.800,6.878E-06
1041.150,6.857E-06
1041.500,6.881E-06
1041.850,6.902E-06
1042.200,6.932E-06
1042.550,6.938E-06
1042.900,6.959E-06
1043.250,6.988E-06
1043.600,7.026E-06
1043.950,7.053E-06
1044.300,7.079E-06
1044.650,7.078E-06
1045.000,7.091E-06
1045.350,7.095E-06
1045.700,7.123E-06
1046.050,7.143E-06
1046.400,7.151E-06
1046.750,7.142E-06
1047.100,7.134E-06
1047.450,7.125E-06
1047.800,7.089E-06
1048.150,7.088E-06
1048.500,7.113E-06
1048.850,7.134E-06
1049.200,7.171E-06
1049.550,7.192E-06
1049.900,7.185E-06
1050.250,7.097E-06
1050.600,7.143E-06
1050.950,7.163E-06
1051.300,7.183E-06
1051.650,7.205E-06
1052.000,7.182E-06
1052.350,7.188E-06
1052.700,7.228E-06
1053.050,7.241E-06
1053.400,7.257E-06
1053.750,7.265E-06
1054.100,7.229E-06
1054.450,7.218E-06
1054.800,7.253E-06
1055.150,7.269E-06
1055.500,7.304E-06
1055.850,7.326E-06
1056.200,7.299E-06
1056.550,7.293E-06
1056.900,7.294E-06
1057.250,7.274E-06
1057.600,7.288E-06
1057.950,7.300E-06
1058.300,7.293E-06
1058.650,7.324E-06
1059.000,7.348E-06
1059.350,7.359E-06
1059.700,7.377E-06
1060.050,7.376E-06
1060.400,7.379E-06
1060.750,7.387E-06
1061.100,7.378E-06
1061.450,7.350E-06
1061.800,7.346E-06
1062.150,7.334E-06
1062.500,7.345E-06
1062.850,7.350E-06
1063.200,7.345E-06
1063.550,7.360E-06
1063.900,7.354E-06
1064.250,7.319E-06
1064.600,7.345E-06
1064.950,7.350E-06
1065.300,7.339E-06
1065.650,7.376E-06
1066.000,7.376E-06
1066.350,7.357E-06
1066.700,7.379E-06
1067.050,7.413E-06
1067.400,7.434E-06
1067.750,7.459E-06
1068.100,7.474E-06
1068.450,7.457E-06
1068.800,7.470E-06
1069.150,7.470E-06
1069.500,7.443E-06
1069.850,7.431E-06
1070.200,7.388E-06
1070.550,7.369E-06
1070.900,7.384E-06
1071.250,7.379E-06
1071.600,7.381E-06
1071.950,7.412E-06
1072.300,7.384E-06
1072.650,7.396E-06
1073.000,7.452E-06
1073.350,7.454E-06
1073.700,7.472E-06
1074.050,7.474E-06
1074.400,7.451E-06
1074.750,7.441E-06
1075.100,7.432E-06
1075.450,7.396E-06
1075.800,7.416E-06
1076.150,7.420E-06
1076.500,7.437E-06
1076.850,7.501E-06
1077.200,7.542E-06
1077.550,7.505E-06
1077.900,7.476E-06
1078.250,7.480E-06
1078.600,7.488E-06
1078.950,7.537E-06
1079.300,7.533E-06
1079.650,7.517E-06
1080.000,7.508E-06
1080.350,7.525E-06
1080.700,7.510E-06
1081.050,7.525E-06
1081.400,7.539E-06
1081.750,7.542E-06
1082.100,7.592E-06
1082.450,7.590E-06
1082.800,7.613E-06
1083.150,7.616E-06
1083.500,7.589E-06
1083.850,7.545E-06
1084.200,7.565E-06
1084.550,7.577E-06
1084.900,7.611E-06
1085.250,7.646E-06
1085.600,7.645E-06
1085.950,7.612E-06
1086.300,7.595E-06
1086.650,7.529E-06
1087.000,7.531E-06
1087.350,7.534E-06
1087.700,7.526E-06
1088.050,7.564E-06
1088.400,7.577E-06
1088.750,7.569E-06
1089.100,7.552E-06
1089.450,7.563E-06
1089.800,7.543E-06
1090.150,7.574E-06
1090.500,7.588E-06
1090.850,7.619E-06
1091.200,7.677E-06
1091.550,7.730E-06
1091.900,7.712E-06
1092.250,7.680E-06
1092.600,7.674E-06
1092.950,7.646E-06
1093.300,7.641E-06
1093.650,7.602E-06
1094.000,7.577E-06
1094.350,7.562E-06
1094.700,7.553E-06
1095.050,7.560E-06
1095.400,7.559E-06
1095.750,7.572E-06
1096.100,7.576E-06
1096.450,7.633E-06
1096.800,7.664E-06
1097.150,7.689E-06
1097.500,7.700E-06
1097.850,7.696E-06
1098.200,7.698E-06
1098.550,7.678E-06
1098.900,7.665E-06
1099.250,7.644E-06
1099.600,7.651E-06
1099.950,7.629E-06
1100.300,7.614E-06
1100.650,7.609E-06
1101.000,7.600E-06
1101.350,7.635E-06
1101.700,7.668E-06
1102.050,7.704E-06
1102.400,7.740E-06
1102.750,7.730E-06
1103.100,7.705E-06
1103.450,7.689E-06
1103.800,7.674E-06
1104.150,7.684E-06
1104.500,7.690E-06
1104.850,7.666E-06
1105.200,7.641E-06
1105.550,7.637E-06
1105.900,7.622E-06
1106.250,7.608E-06
1106.600,7.622E-06
1106.950,7.610E-06
1107.300,7.623E-06
1107.650,7.663E-06
1108.000,7.678E-06
1108.350,7.710E-06
1108.700,7.716E-06
1109.050,7.699E-06
1109.400,7.705E-06
1109.750,7.715E-06
1110.100,7.683E-06
1110.450,7.622E-06
1110.800,7.599E-06
1111.150,7.554E-06
1111.500,7.568E-06
1111.850,7.573E-06
1112.200,7.573E-06
1112.550,7.574E-06
1112.900,7.622E-06
1113.250,7.660E-06
1113.600,7.711E-06
1113.950,7.747E-06
1114.300,7.772E-06
1114.650,7.787E-06
1115.000,7.821E-06
1115.350,7.817E-06
1115.700,7.815E-06
1116.050,7.793E-06
1116.400,7.709E-06
1116.750,7.638E-06
1117.100,7.564E-06
1117.450,7.553E-06
1117.800,7.557E-06
1118.150,7.572E-06
1118.500,7.574E-06
1118.850,7.617E-06
1119.200,7.636E-06
1119.550,7.674E-06
1119.900,7.692E-06
1120.250,7.746E-06
1120.600,7.787E-06
1120.950,7.809E-06
1121.300,7.776E-06
1121.650,7.734E-06
1122.000,7.684E-06
1122.350,7.622E-06
1122.700,7.648E-06
1123.050,7.656E-06
1123.400,7.631E-06
1123.750,7.607E-06
1124.100,7.584E-06
1124.450,7.552E-06
1124.800,7.524E-06
1125.150,7.468E-06
1125.500,7.468E-06
1125.850,7.476E-06
1126.200,7.594E-06
1126.550,7.674E-06
1126.900,7.726E-06
1127.250,7.748E-06
1127.600,7.695E-06
1127.950,7.709E-06
1128.300,7.736E-06
1128.650,7.778E-06
1129.000,7.767E-06
1129.350,7.717E-06
1129.700,7.690E-06
1130.050,7.726E-06
1130.400,7.758E-06
1130.750,7.759E-06
1131.100,7.778E-06
1131.450,7.773E-06
1131.800,7.782E-06
1132.150,7.775E-06
1132.500,7.750E-06
1132.850,7.717E-06
1133.200,7.716E-06
1133.550,7.677E-06
1133.900,7.666E-06
1134.250,7.643E-06
1134.600,7.571E-06
1134.950,7.580E-06
1135.300,7.658E-06
1135.650,7.724E-06
1136.000,7.759E-06
1136.350,7.775E-06
1136.700,7.764E-06
1137.050,7.757E-06
1137.400,7.724E-06
1137.750,7.703E-06
1138.100,7.686E-06
1138.450,7.679E-06
1138.800,7.683E-06
1139.150,7.707E-06
1139.500,7.708E-06
1139.850,7.677E-06
1140.200,7.698E-06
1140.550,7.691E-06
1140.900,7.706E-06
1141.250,7.721E-06
1141.600,7.758E-06
1141.950,7.742E-06
1142.300,7.755E-06
1142.650,7.720E-06
1143.000,7.708E-06
1143.350,7.728E-06
1143.700,7.750E-06
1144.050,7.741E-06
1144.400,7.758E-06
1144.750,7.736E-06
1145.100,7.738E-06
1145.450,7.740E-06
1145.800,7.767E-06
1146.150,7.787E-06
1146.500,7.798E-06
1146.850,7.820E-06
1147.200,7.885E-06
1147.550,8.003E-06
1147.900,8.044E-06
1148.250,8.064E-06
1148.600,8.016E-06
1148.950,7.962E-06
1149.300,7.890E-06
1149.650,7.829E-06
1150.000,7.775E-06
