IstTemp[K]=293.00

 800.000,5.639E-06
 800.350,5.651E-06
 800.700,5.654E-06
 801.050,5.643E-06
 801.400,5.648E-06
 801.750,5.641E-06
 802.100,5.633E-06
 802.450,5.618E-06
 802.800,5.618E-06
 803.150,5.618E-06
 803.500,5.610E-06
 803.850,5.620E-06
 804.200,5.629E-06
 804.550,5.627E-06
 804.900,5.597E-06
 805.250,5.578E-06
 805.600,5.575E-06
 805.950,5.565E-06
 806.300,5.572E-06
 806.650,5.603E-06
 807.000,5.618E-06
 807.350,5.617E-06
 807.700,5.609E-06
 808.050,5.609E-06
 808.400,5.605E-06
 808.750,5.589E-06
 809.100,5.604E-06
 809.450,5.616E-06
 809.800,5.629E-06
 810.150,5.650E-06
 810.500,5.660E-06
 810.850,5.660E-06
 811.200,5.633E-06
 811.550,5.618E-06
 811.900,5.602E-06
 812.250,5.609E-06
 812.600,5.605E-06
 812.950,5.629E-06
 813.300,5.657E-06
 813.650,5.688E-06
 814.000,5.696E-06
 814.350,5.706E-06
 814.700,5.710E-06
 815.050,5.725E-06
 815.400,5.721E-06
 815.750,5.714E-06
 816.100,5.695E-06
 816.450,5.674E-06
 816.800,5.671E-06
 817.150,5.665E-06
 817.500,5.689E-06
 817.850,5.705E-06
 818.200,5.719E-06
 818.550,5.727E-06
 818.900,5.730E-06
 819.250,5.732E-06
 819.600,5.737E-06
 819.950,5.717E-06
 820.300,5.720E-06
 820.650,5.731E-06
 821.000,5.716E-06
 821.350,5.732E-06
 821.700,5.740E-06
 822.050,5.750E-06
 822.400,5.761E-06
 822.750,5.741E-06
 823.100,5.710E-06
 823.450,5.703E-06
 823.800,5.692E-06
 824.150,5.699E-06
 824.500,5.709E-06
 824.850,5.698E-06
 825.200,5.716E-06
 825.550,5.712E-06
 825.900,5.717E-06
 826.250,5.733E-06
 826.600,5.731E-06
 826.950,5.727E-06
 827.300,5.732E-06
 827.650,5.734E-06
 828.000,5.750E-06
 828.350,5.751E-06
 828.700,5.753E-06
 829.050,5.740E-06
 829.400,5.715E-06
 829.750,5.707E-06
 830.100,5.725E-06
 830.450,5.747E-06
 830.800,5.776E-06
 831.150,5.803E-06
 831.500,5.823E-06
 831.850,5.818E-06
 832.200,5.805E-06
 832.550,5.800E-06
 832.900,5.776E-06
 833.250,5.778E-06
 833.600,5.782E-06
 833.950,5.788E-06
 834.300,5.828E-06
 834.650,5.864E-06
 835.000,5.891E-06
 835.350,5.903E-06
 835.700,5.936E-06
 836.050,5.969E-06
 836.400,6.037E-06
 836.750,6.070E-06
 837.100,6.025E-06
 837.450,5.986E-06
 837.800,5.947E-06
 838.150,5.908E-06
 838.500,5.894E-06
 838.850,5.885E-06
 839.200,5.872E-06
 839.550,5.861E-06
 839.900,5.845E-06
 840.250,5.837E-06
 840.600,5.824E-06
 840.950,5.804E-06
 841.300,5.790E-06
 841.650,5.795E-06
 842.000,5.788E-06
 842.350,5.780E-06
 842.700,5.786E-06
 843.050,5.804E-06
 843.400,5.831E-06
 843.750,5.853E-06
 844.100,5.851E-06
 844.450,5.845E-06
 844.800,5.848E-06
 845.150,5.832E-06
 845.500,5.828E-06
 845.850,5.823E-06
 846.200,5.832E-06
 846.550,5.868E-06
 846.900,5.891E-06
 847.250,5.899E-06
 847.600,5.916E-06
 847.950,5.914E-06
 848.300,5.936E-06
 848.650,5.940E-06
 849.000,5.946E-06
 849.350,5.938E-06
 849.700,5.951E-06
 850.050,5.945E-06
 850.400,5.955E-06
 850.750,5.944E-06
 851.100,5.949E-06
 851.450,5.951E-06
 851.800,5.940E-06
 852.150,5.950E-06
 852.500,5.943E-06
 852.850,5.959E-06
 853.200,5.961E-06
 853.550,5.967E-06
 853.900,5.987E-06
 854.250,5.993E-06
 854.600,6.011E-06
 854.950,6.000E-06
 855.300,5.987E-06
 855.650,5.975E-06
 856.000,5.953E-06
 856.350,5.957E-06
 856.700,5.965E-06
 857.050,5.981E-06
 857.400,5.995E-06
 857.750,5.988E-06
 858.100,5.987E-06
 858.450,5.981E-06
 858.800,5.975E-06
 859.150,5.978E-06
 859.500,5.958E-06
 859.850,5.957E-06
 860.200,5.957E-06
 860.550,5.964E-06
 860.900,5.965E-06
 861.250,5.969E-06
 861.600,5.983E-06
 861.950,6.006E-06
 862.300,6.017E-06
 862.650,6.046E-06
 863.000,6.064E-06
 863.350,6.060E-06
 863.700,6.060E-06
 864.050,6.063E-06
 864.400,6.050E-06
 864.750,6.055E-06
 865.100,6.058E-06
 865.450,6.063E-06
 865.800,6.090E-06
 866.150,6.115E-06
 866.500,6.113E-06
 866.850,6.113E-06
 867.200,6.105E-06
 867.550,6.094E-06
 867.900,6.104E-06
 868.250,6.111E-06
 868.600,6.124E-06
 868.950,6.148E-06
 869.300,6.175E-06
 869.650,6.178E-06
 870.000,6.194E-06
 870.350,6.204E-06
 870.700,6.205E-06
 871.050,6.206E-06
 871.400,6.188E-06
 871.750,6.186E-06
 872.100,6.196E-06
 872.450,6.189E-06
 872.800,6.199E-06
 873.150,6.197E-06
 873.500,6.195E-06
 873.850,6.195E-06
 874.200,6.196E-06
 874.550,6.196E-06
 874.900,6.191E-06
 875.250,6.194E-06
 875.600,6.206E-06
 875.950,6.239E-06
 876.300,6.284E-06
 876.650,6.301E-06
 877.000,6.308E-06
 877.350,6.292E-06
 877.700,6.288E-06
 878.050,6.278E-06
 878.400,6.273E-06
 878.750,6.254E-06
 879.100,6.237E-06
 879.450,6.232E-06
 879.800,6.244E-06
 880.150,6.263E-06
 880.500,6.290E-06
 880.850,6.312E-06
 881.200,6.336E-06
 881.550,6.341E-06
 881.900,6.351E-06
 882.250,6.351E-06
 882.600,6.333E-06
 882.950,6.294E-06
 883.300,6.281E-06
 883.650,6.286E-06
 884.000,6.315E-06
 884.350,6.328E-06
 884.700,6.355E-06
 885.050,6.367E-06
 885.400,6.372E-06
 885.750,6.387E-06
 886.100,6.424E-06
 886.450,6.441E-06
 886.800,6.429E-06
 887.150,6.418E-06
 887.500,6.418E-06
 887.850,6.428E-06
 888.200,6.410E-06
 888.550,6.397E-06
 888.900,6.384E-06
 889.250,6.373E-06
 889.600,6.360E-06
 889.950,6.375E-06
 890.300,6.378E-06
 890.650,6.378E-06
 891.000,6.368E-06
 891.350,6.355E-06
 891.700,6.337E-06
 892.050,6.334E-06
 892.400,6.342E-06
 892.750,6.342E-06
 893.100,6.340E-06
 893.450,6.327E-06
 893.800,6.317E-06
 894.150,6.301E-06
 894.500,6.289E-06
 894.850,6.269E-06
 895.200,6.267E-06
 895.550,6.282E-06
 895.900,6.300E-06
 896.250,6.300E-06
 896.600,6.284E-06
 896.950,6.264E-06
 897.300,6.256E-06
 897.650,6.269E-06
 898.000,6.279E-06
 898.350,6.300E-06
 898.700,6.312E-06
 899.050,6.317E-06
 899.400,6.317E-06
 899.750,6.303E-06
 900.100,6.301E-06
 900.450,6.304E-06
 900.800,6.302E-06
 901.150,6.315E-06
 901.500,6.328E-06
 901.850,6.319E-06
 902.200,6.327E-06
 902.550,6.327E-06
 902.900,6.333E-06
 903.250,6.340E-06
 903.600,6.326E-06
 903.950,6.307E-06
 904.300,6.294E-06
 904.650,6.278E-06
 905.000,6.275E-06
 905.350,6.266E-06
 905.700,6.263E-06
 906.050,6.261E-06
 906.400,6.285E-06
 906.750,6.317E-06
 907.100,6.343E-06
 907.450,6.362E-06
 907.800,6.381E-06
 908.150,6.373E-06
 908.500,6.341E-06
 908.850,6.334E-06
 909.200,6.326E-06
 909.550,6.345E-06
 909.900,6.358E-06
 910.250,6.361E-06
 910.600,6.368E-06
 910.950,6.352E-06
 911.300,6.328E-06
 911.650,6.310E-06
 912.000,6.288E-06
 912.350,6.277E-06
 912.700,6.269E-06
 913.050,6.278E-06
 913.400,6.281E-06
 913.750,6.304E-06
 914.100,6.307E-06
 914.450,6.306E-06
 914.800,6.291E-06
 915.150,6.273E-06
 915.500,6.253E-06
 915.850,6.228E-06
 916.200,6.226E-06
 916.550,6.214E-06
 916.900,6.222E-06
 917.250,6.204E-06
 917.600,6.190E-06
 917.950,6.183E-06
 918.300,6.199E-06
 918.650,6.223E-06
 919.000,6.243E-06
 919.350,6.258E-06
 919.700,6.254E-06
 920.050,6.260E-06
 920.400,6.252E-06
 920.750,6.242E-06
 921.100,6.244E-06
 921.450,6.246E-06
 921.800,6.266E-06
 922.150,6.285E-06
 922.500,6.309E-06
 922.850,6.339E-06
 923.200,6.361E-06
 923.550,6.388E-06
 923.900,6.433E-06
 924.250,6.447E-06
 924.600,6.447E-06
 924.950,6.451E-06
 925.300,6.441E-06
 925.650,6.447E-06
 926.000,6.465E-06
 926.350,6.456E-06
 926.700,6.469E-06
 927.050,6.473E-06
 927.400,6.482E-06
 927.750,6.505E-06
 928.100,6.490E-06
 928.450,6.455E-06
 928.800,6.427E-06
 929.150,6.401E-06
 929.500,6.409E-06
 929.850,6.433E-06
 930.200,6.437E-06
 930.550,6.444E-06
 930.900,6.448E-06
 931.250,6.449E-06
 931.600,6.431E-06
 931.950,6.445E-06
 932.300,6.434E-06
 932.650,6.442E-06
 933.000,6.436E-06
 933.350,6.433E-06
 933.700,6.456E-06
 934.050,6.446E-06
 934.400,6.438E-06
 934.750,6.463E-06
 935.100,6.474E-06
 935.450,6.495E-06
 935.800,6.499E-06
 936.150,6.487E-06
 936.500,6.474E-06
 936.850,6.468E-06
 937.200,6.435E-06
 937.550,6.427E-06
 937.900,6.401E-06
 938.250,6.400E-06
 938.600,6.416E-06
 938.950,6.419E-06
 939.300,6.448E-06
 939.650,6.483E-06
 940.000,6.508E-06
 940.350,6.548E-06
 940.700,6.551E-06
 941.050,6.563E-06
 941.400,6.541E-06
 941.750,6.526E-06
 942.100,6.499E-06
 942.450,6.473E-06
 942.800,6.433E-06
 943.150,6.443E-06
 943.500,6.457E-06
 943.850,6.501E-06
 944.200,6.520E-06
 944.550,6.504E-06
 944.900,6.527E-06
 945.250,6.543E-06
 945.600,6.566E-06
 945.950,6.561E-06
 946.300,6.573E-06
 946.650,6.566E-06
 947.000,6.564E-06
 947.350,6.544E-06
 947.700,6.529E-06
 948.050,6.510E-06
 948.400,6.515E-06
 948.750,6.534E-06
 949.100,6.569E-06
 949.450,6.586E-06
 949.800,6.591E-06
 950.150,6.580E-06
 950.500,6.588E-06
 950.850,6.562E-06
 951.200,6.550E-06
 951.550,6.527E-06
 951.900,6.514E-06
 952.250,6.520E-06
 952.600,6.536E-06
 952.950,6.580E-06
 953.300,6.620E-06
 953.650,6.644E-06
 954.000,6.662E-06
 954.350,6.648E-06
 954.700,6.633E-06
 955.050,6.602E-06
 955.400,6.567E-06
 955.750,6.564E-06
 956.100,6.552E-06
 956.450,6.563E-06
 956.800,6.583E-06
 957.150,6.615E-06
 957.500,6.667E-06
 957.850,6.707E-06
 958.200,6.725E-06
 958.550,6.727E-06
 958.900,6.721E-06
 959.250,6.698E-06
 959.600,6.692E-06
 959.950,6.655E-06
 960.300,6.627E-06
 960.650,6.612E-06
 961.000,6.612E-06
 961.350,6.630E-06
 961.700,6.644E-06
 962.050,6.673E-06
 962.400,6.700E-06
 962.750,6.719E-06
 963.100,6.724E-06
 963.450,6.706E-06
 963.800,6.685E-06
 964.150,6.660E-06
 964.500,6.651E-06
 964.850,6.667E-06
 965.200,6.677E-06
 965.550,6.679E-06
 965.900,6.678E-06
 966.250,6.676E-06
 966.600,6.676E-06
 966.950,6.694E-06
 967.300,6.713E-06
 967.650,6.740E-06
 968.000,6.750E-06
 968.350,6.754E-06
 968.700,6.740E-06
 969.050,6.724E-06
 969.400,6.705E-06
 969.750,6.697E-06
 970.100,6.711E-06
 970.450,6.717E-06
 970.800,6.741E-06
 971.150,6.770E-06
 971.500,6.791E-06
 971.850,6.807E-06
 972.200,6.775E-06
 972.550,6.763E-06
 972.900,6.736E-06
 973.250,6.719E-06
 973.600,6.716E-06
 973.950,6.706E-06
 974.300,6.738E-06
 974.650,6.758E-06
 975.000,6.768E-06
 975.350,6.769E-06
 975.700,6.748E-06
 976.050,6.731E-06
 976.400,6.702E-06
 976.750,6.682E-06
 977.100,6.695E-06
 977.450,6.702E-06
 977.800,6.708E-06
 978.150,6.686E-06
 978.500,6.698E-06
 978.850,6.711E-06
 979.200,6.720E-06
 979.550,6.736E-06
 979.900,6.717E-06
 980.250,6.704E-06
 980.600,6.701E-06
 980.950,6.673E-06
 981.300,6.673E-06
 981.650,6.677E-06
 982.000,6.693E-06
 982.350,6.726E-06
 982.700,6.750E-06
 983.050,6.748E-06
 983.400,6.760E-06
 983.750,6.775E-06
 984.100,6.782E-06
 984.450,6.775E-06
 984.800,6.784E-06
 985.150,6.809E-06
 985.500,6.821E-06
 985.850,6.838E-06
 986.200,6.838E-06
 986.550,6.818E-06
 986.900,6.809E-06
 987.250,6.803E-06
 987.600,6.782E-06
 987.950,6.787E-06
 988.300,6.813E-06
 988.650,6.818E-06
 989.000,6.843E-06
 989.350,6.853E-06
 989.700,6.870E-06
 990.050,6.885E-06
 990.400,6.895E-06
 990.750,6.871E-06
 991.100,6.862E-06
 991.450,6.864E-06
 991.800,6.868E-06
 992.150,6.870E-06
 992.500,6.845E-06
 992.850,6.850E-06
 993.200,6.837E-06
 993.550,6.858E-06
 993.900,6.861E-06
 994.250,6.863E-06
 994.600,6.858E-06
 994.950,6.869E-06
 995.300,6.889E-06
 995.650,6.901E-06
 996.000,6.912E-06
 996.350,6.913E-06
 996.700,6.915E-06
 997.050,6.915E-06
 997.400,6.913E-06
 997.750,6.868E-06
 998.100,6.805E-06
 998.450,6.745E-06
 998.800,6.720E-06
 999.150,6.724E-06
 999.500,6.748E-06
 999.850,6.775E-06
1000.200,6.840E-06
1000.550,6.898E-06
1000.900,6.950E-06
1001.250,6.975E-06
1001.600,6.955E-06
1001.950,6.920E-06
1002.300,6.888E-06
1002.650,6.861E-06
1003.000,6.833E-06
1003.350,6.813E-06
1003.700,6.783E-06
1004.050,6.744E-06
1004.400,6.704E-06
1004.750,6.711E-06
1005.100,6.726E-06
1005.450,6.758E-06
1005.800,6.788E-06
1006.150,6.842E-06
1006.500,6.877E-06
1006.850,6.908E-06
1007.200,6.934E-06
1007.550,6.927E-06
1007.900,6.894E-06
1008.250,6.849E-06
1008.600,6.833E-06
1008.950,6.807E-06
1009.300,6.801E-06
1009.650,6.790E-06
1010.000,6.775E-06
1010.350,6.777E-06
1010.700,6.801E-06
1011.050,6.851E-06
1011.400,6.874E-06
1011.750,6.893E-06
1012.100,6.918E-06
1012.450,6.940E-06
1012.800,6.936E-06
1013.150,6.922E-06
1013.500,6.905E-06
1013.850,6.892E-06
1014.200,6.888E-06
1014.550,6.882E-06
1014.900,6.878E-06
1015.250,6.862E-06
1015.600,6.856E-06
1015.950,6.848E-06
1016.300,6.876E-06
1016.650,6.904E-06
1017.000,6.932E-06
1017.350,6.924E-06
1017.700,6.941E-06
1018.050,6.964E-06
1018.400,6.995E-06
1018.750,6.992E-06
1019.100,6.992E-06
1019.450,6.969E-06
1019.800,6.939E-06
1020.150,6.917E-06
1020.500,6.932E-06
1020.850,6.960E-06
1021.200,6.974E-06
1021.550,6.974E-06
1021.900,6.990E-06
1022.250,6.995E-06
1022.600,6.990E-06
1022.950,6.999E-06
1023.300,7.016E-06
1023.650,7.041E-06
1024.000,7.044E-06
1024.350,7.029E-06
1024.700,7.012E-06
1025.050,6.972E-06
1025.400,6.926E-06
1025.750,6.897E-06
1026.100,6.874E-06
1026.450,6.858E-06
1026.800,6.842E-06
1027.150,6.842E-06
1027.500,6.884E-06
1027.850,6.926E-06
1028.200,6.966E-06
1028.550,6.989E-06
1028.900,6.987E-06
1029.250,6.962E-06
1029.600,6.932E-06
1029.950,6.927E-06
1030.300,6.930E-06
1030.650,6.929E-06
1031.000,6.921E-06
1031.350,6.912E-06
1031.700,6.897E-06
1032.050,6.916E-06
1032.400,6.921E-06
1032.750,6.950E-06
1033.100,6.976E-06
1033.450,6.996E-06
1033.800,6.989E-06
1034.150,6.985E-06
1034.500,6.962E-06
1034.850,6.941E-06
1035.200,6.922E-06
1035.550,6.892E-06
1035.900,6.890E-06
1036.250,6.911E-06
1036.600,6.947E-06
1036.950,6.979E-06
1037.300,6.980E-06
1037.650,6.983E-06
1038.000,6.973E-06
1038.350,6.967E-06
1038.700,6.952E-06
1039.050,6.978E-06
1039.400,7.012E-06
1039.750,7.034E-06
1040.100,7.042E-06
1040.450,7.034E-06
1040.800,6.995E-06
1041.150,6.970E-06
1041.500,6.983E-06
1041.850,6.983E-06
1042.200,6.983E-06
1042.550,6.992E-06
1042.900,7.002E-06
1043.250,7.029E-06
1043.600,7.071E-06
1043.950,7.081E-06
1044.300,7.079E-06
1044.650,7.069E-06
1045.000,7.066E-06
1045.350,7.054E-06
1045.700,7.092E-06
1046.050,7.103E-06
1046.400,7.098E-06
1046.750,7.072E-06
1047.100,7.035E-06
1047.450,6.999E-06
1047.800,6.974E-06
1048.150,6.954E-06
1048.500,6.970E-06
1048.850,6.970E-06
1049.200,6.962E-06
1049.550,6.978E-06
1049.900,6.980E-06
1050.250,6.954E-06
1050.600,6.986E-06
1050.950,6.989E-06
1051.300,6.973E-06
1051.650,6.973E-06
1052.000,6.968E-06
1052.350,6.985E-06
1052.700,7.010E-06
1053.050,7.022E-06
1053.400,7.006E-06
1053.750,6.993E-06
1054.100,6.954E-06
1054.450,6.927E-06
1054.800,6.953E-06
1055.150,6.976E-06
1055.500,6.994E-06
1055.850,7.007E-06
1056.200,7.000E-06
1056.550,6.999E-06
1056.900,7.010E-06
1057.250,6.985E-06
1057.600,6.971E-06
1057.950,6.978E-06
1058.300,6.965E-06
1058.650,6.977E-06
1059.000,7.002E-06
1059.350,7.010E-06
1059.700,7.012E-06
1060.050,7.022E-06
1060.400,7.032E-06
1060.750,7.030E-06
1061.100,7.035E-06
1061.450,7.007E-06
1061.800,7.003E-06
1062.150,7.010E-06
1062.500,7.031E-06
1062.850,7.040E-06
1063.200,7.049E-06
1063.550,7.071E-06
1063.900,7.065E-06
1064.250,7.040E-06
1064.600,7.040E-06
1064.950,7.010E-06
1065.300,6.986E-06
1065.650,6.989E-06
1066.000,6.988E-06
1066.350,6.995E-06
1066.700,7.035E-06
1067.050,7.086E-06
1067.400,7.109E-06
1067.750,7.095E-06
1068.100,7.093E-06
1068.450,7.073E-06
1068.800,7.078E-06
1069.150,7.087E-06
1069.500,7.075E-06
1069.850,7.070E-06
1070.200,7.048E-06
1070.550,7.043E-06
1070.900,7.049E-06
1071.250,7.046E-06
1071.600,7.031E-06
1071.950,7.020E-06
1072.300,6.980E-06
1072.650,6.978E-06
1073.000,6.997E-06
1073.350,6.992E-06
1073.700,6.996E-06
1074.050,6.997E-06
1074.400,6.989E-06
1074.750,6.975E-06
1075.100,6.965E-06
1075.450,6.946E-06
1075.800,6.958E-06
1076.150,6.962E-06
1076.500,6.987E-06
1076.850,7.039E-06
1077.200,7.063E-06
1077.550,7.033E-06
1077.900,6.999E-06
1078.250,7.001E-06
1078.600,7.000E-06
1078.950,7.002E-06
1079.300,6.964E-06
1079.650,6.943E-06
1080.000,6.931E-06
1080.350,6.946E-06
1080.700,6.941E-06
1081.050,6.951E-06
1081.400,6.974E-06
1081.750,6.991E-06
1082.100,7.037E-06
1082.450,7.046E-06
1082.800,7.064E-06
1083.150,7.038E-06
1083.500,7.020E-06
1083.850,6.987E-06
1084.200,7.006E-06
1084.550,7.022E-06
1084.900,7.068E-06
1085.250,7.102E-06
1085.600,7.109E-06
1085.950,7.090E-06
1086.300,7.069E-06
1086.650,7.027E-06
1087.000,7.025E-06
1087.350,7.016E-06
1087.700,7.025E-06
1088.050,7.054E-06
1088.400,7.059E-06
1088.750,7.055E-06
1089.100,7.029E-06
1089.450,7.026E-06
1089.800,7.002E-06
1090.150,7.015E-06
1090.500,7.023E-06
1090.850,7.075E-06
1091.200,7.126E-06
1091.550,7.175E-06
1091.900,7.167E-06
1092.250,7.152E-06
1092.600,7.168E-06
1092.950,7.145E-06
1093.300,7.117E-06
1093.650,7.081E-06
1094.000,7.051E-06
1094.350,7.031E-06
1094.700,7.037E-06
1095.050,7.055E-06
1095.400,7.052E-06
1095.750,7.090E-06
1096.100,7.106E-06
1096.450,7.161E-06
1096.800,7.193E-06
1097.150,7.214E-06
1097.500,7.217E-06
1097.850,7.212E-06
1098.200,7.208E-06
1098.550,7.183E-06
1098.900,7.184E-06
1099.250,7.167E-06
1099.600,7.161E-06
1099.950,7.150E-06
1100.300,7.137E-06
1100.650,7.133E-06
1101.000,7.139E-06
1101.350,7.150E-06
1101.700,7.164E-06
1102.050,7.202E-06
1102.400,7.237E-06
1102.750,7.244E-06
1103.100,7.238E-06
1103.450,7.205E-06
1103.800,7.158E-06
1104.150,7.140E-06
1104.500,7.125E-06
1104.850,7.115E-06
1105.200,7.106E-06
1105.550,7.095E-06
1105.900,7.081E-06
1106.250,7.064E-06
1106.600,7.068E-06
1106.950,7.056E-06
1107.300,7.088E-06
1107.650,7.107E-06
1108.000,7.131E-06
1108.350,7.165E-06
1108.700,7.184E-06
1109.050,7.190E-06
1109.400,7.198E-06
1109.750,7.196E-06
1110.100,7.169E-06
1110.450,7.115E-06
1110.800,7.076E-06
1111.150,7.037E-06
1111.500,7.033E-06
1111.850,7.004E-06
1112.200,6.991E-06
1112.550,6.985E-06
1112.900,7.046E-06
1113.250,7.103E-06
1113.600,7.151E-06
1113.950,7.174E-06
1114.300,7.202E-06
1114.650,7.204E-06
1115.000,7.233E-06
1115.350,7.243E-06
1115.700,7.237E-06
1116.050,7.225E-06
1116.400,7.153E-06
1116.750,7.073E-06
1117.100,7.014E-06
1117.450,7.007E-06
1117.800,6.998E-06
1118.150,7.022E-06
1118.500,7.041E-06
1118.850,7.088E-06
1119.200,7.113E-06
1119.550,7.152E-06
1119.900,7.145E-06
1120.250,7.200E-06
1120.600,7.223E-06
1120.950,7.238E-06
1121.300,7.228E-06
1121.650,7.213E-06
1122.000,7.172E-06
1122.350,7.130E-06
1122.700,7.156E-06
1123.050,7.154E-06
1123.400,7.121E-06
1123.750,7.070E-06
1124.100,7.034E-06
1124.450,7.031E-06
1124.800,7.020E-06
1125.150,6.977E-06
1125.500,6.987E-06
1125.850,6.978E-06
1126.200,7.066E-06
1126.550,7.130E-06
1126.900,7.160E-06
1127.250,7.176E-06
1127.600,7.133E-06
1127.950,7.150E-06
1128.300,7.188E-06
1128.650,7.257E-06
1129.000,7.232E-06
1129.350,7.192E-06
1129.700,7.170E-06
1130.050,7.178E-06
1130.400,7.221E-06
1130.750,7.228E-06
1131.100,7.244E-06
1131.450,7.243E-06
1131.800,7.254E-06
1132.150,7.229E-06
1132.500,7.209E-06
1132.850,7.172E-06
1133.200,7.171E-06
1133.550,7.154E-06
1133.900,7.154E-06
1134.250,7.125E-06
1134.600,7.070E-06
1134.950,7.088E-06
1135.300,7.165E-06
1135.650,7.236E-06
1136.000,7.254E-06
1136.350,7.253E-06
1136.700,7.233E-06
1137.050,7.220E-06
1137.400,7.185E-06
1137.750,7.180E-06
1138.100,7.150E-06
1138.450,7.132E-06
1138.800,7.135E-06
1139.150,7.139E-06
1139.500,7.155E-06
1139.850,7.167E-06
1140.200,7.205E-06
1140.550,7.197E-06
1140.900,7.199E-06
1141.250,7.198E-06
1141.600,7.238E-06
1141.950,7.239E-06
1142.300,7.228E-06
1142.650,7.191E-06
1143.000,7.187E-06
1143.350,7.199E-06
1143.700,7.223E-06
1144.050,7.201E-06
1144.400,7.193E-06
1144.750,7.181E-06
1145.100,7.189E-06
1145.450,7.191E-06
1145.800,7.215E-06
1146.150,7.221E-06
1146.500,7.216E-06
1146.850,7.248E-06
1147.200,7.317E-06
1147.550,7.434E-06
1147.900,7.489E-06
1148.250,7.492E-06
1148.600,7.424E-06
1148.950,7.376E-06
1149.300,7.315E-06
1149.650,7.263E-06
1150.000,7.223E-06
